   0.2722  -0.0669  -0.0699
   0.2742   0.0434  -0.0799
   0.2383   0.1477  -0.0699
   0.2722  -0.0668   0.0699
   0.2742   0.0434   0.0798
   0.2383   0.1476   0.0699
  -0.2362  -0.6429  -0.5311
   0.0505  -0.4232  -0.7546
   0.2003  -0.1054  -0.8366
   0.0668   0.2155  -0.8368
  -0.2627   0.3362  -0.7544
  -0.6212   0.2878  -0.5314
   0.1492  -0.7618  -0.3853
   0.5431  -0.3827  -0.5565
   0.6248   0.0384  -0.5994
   0.4692   0.4143  -0.5995
   0.1140   0.6546  -0.5564
  -0.4333   0.6444  -0.3849
   0.4590  -0.7123  -0.1818
   0.7759  -0.3290  -0.2022
   0.8323   0.1122  -0.2141
   0.6682   0.5088  -0.2141
   0.3165   0.7810  -0.2022
  -0.1786   0.8283  -0.1819
   0.4463  -0.7218   0.1761
   0.7747  -0.3321   0.2015
   0.8327   0.1116   0.2129
   0.6680   0.5094   0.2129
   0.3135   0.7825   0.2014
  -0.1943   0.8260   0.1761
   0.1521  -0.7573   0.3929
   0.5450  -0.3825   0.5548
   0.6260   0.0388   0.5981
   0.4703   0.4148   0.5982
   0.1155   0.6558   0.5547
  -0.4281   0.6432   0.3925
  -0.2371  -0.6420   0.5318
   0.0521  -0.4222   0.7551
   0.2019  -0.1046   0.8363
   0.0685   0.2160   0.8365
  -0.2609   0.3367   0.7548
  -0.6212   0.2865   0.5320
  -0.8328  -1.1119  -0.3957
  -0.5073  -1.0280  -0.8788
  -0.4356  -0.6854  -1.1945
   0.0368  -0.6174  -1.3053
   0.1705  -0.1602  -1.4254
  -0.1581   0.1556  -1.4273
  -0.6211   0.1460  -1.2959
  -0.7355  -0.3320  -1.1980
  -1.0923  -0.3247  -0.8876
  -1.2266  -0.6477  -0.4030
  -0.2484  -1.3000  -0.5786
   0.1845  -1.0584  -0.9655
   0.5573  -0.6708  -1.1515
   0.7149  -0.2157  -1.2365
   0.6243   0.2383  -1.2806
   0.3247   0.5710  -1.2865
  -0.1007   0.7289  -1.2430
  -0.5704   0.6640  -1.1490
  -1.0187   0.3527  -0.9614
  -1.3246  -0.0465  -0.5741
   0.4048  -1.2952  -0.4949
   0.7526  -0.9630  -0.7698
   1.0453  -0.5078  -0.8578
   1.1155   0.0197  -0.9174
   0.9729   0.5053  -0.9405
   0.6489   0.8806  -0.9434
   0.1941   1.0962  -0.9204
  -0.3339   1.1126  -0.8585
  -0.8323   0.8963  -0.7683
  -1.2161   0.6031  -0.4937
  -0.0104  -1.4321  -0.1878
   0.9747  -1.0081  -0.3465
   1.3021  -0.4234  -0.4602
   1.3508   0.1507  -0.4888
   1.1829   0.6629  -0.4977
   0.8395   1.0644  -0.4988
   0.3608   1.3100  -0.4900
  -0.2131   1.3525  -0.4602
  -0.8423   1.1214  -0.3456
  -1.4160   0.2151  -0.1873
  -0.2726  -1.4080   0.1720
   0.9744  -1.0076   0.3489
   1.3022  -0.4248   0.4583
   1.3517   0.1498   0.4868
   1.1836   0.6629   0.4962
   0.8396   1.0650   0.4973
   0.3601   1.3109   0.4880
  -0.2145   1.3529   0.4584
  -0.8419   1.1210   0.3481
  -1.4334  -0.0512   0.1705
   0.3835  -1.3128   0.4646
   0.7517  -0.9668   0.7659
   1.0472  -0.5044   0.8576
   1.1163   0.0227   0.9164
   0.9730   0.5065   0.9398
   0.6501   0.8805   0.9426
   0.1973   1.0964   0.9194
  -0.3302   1.1139   0.8583
  -0.8361   0.8960   0.7645
  -1.2370   0.5843   0.4635
  -0.1839  -1.2951   0.6126
   0.2046  -1.0579   0.9620
   0.5637  -0.6678   1.1501
   0.7149  -0.2132   1.2369
   0.6231   0.2384   1.2811
   0.3245   0.5697   1.2871
  -0.0985   0.7285   1.2434
  -0.5666   0.6694   1.1477
  -1.0149   0.3728   0.9578
  -1.3093   0.0182   0.6097
  -0.8332  -1.1051   0.4134
  -0.4900  -1.0303   0.8859
  -0.4391  -0.6799   1.1964
   0.0416  -0.6243   1.3019
   0.1670  -0.1634   1.4254
  -0.1617   0.1521   1.4273
  -0.6251   0.1516   1.2933
  -0.7334  -0.3335   1.1989
  -1.0917  -0.3107   0.8933
  -1.2205  -0.6486   0.4197
   0.6179  -1.3056   0.0037
   1.2187  -0.7754  -0.0001
   1.4187  -0.2714  -0.0009
   1.4232   0.2467  -0.0009
   1.2472   0.7286  -0.0007
   0.9149   1.1178  -0.0007
   0.4671   1.3668  -0.0009
  -0.0445   1.4438  -0.0009
  -0.5734   1.3257  -0.0001
  -1.1924   0.8152   0.0038
  -0.7809  -1.8190  -0.4131
  -0.6972  -1.5561  -1.0872
  -0.0918  -1.4182  -1.4387
  -0.4760  -1.1981  -1.5580
   0.2331  -0.8843  -1.8036
  -0.2006  -0.7572  -1.8643
   0.1526  -0.2437  -2.0017
  -0.2526   0.0384  -2.0060
  -0.5474  -0.4581  -1.8921
  -0.9131  -0.2025  -1.7929
  -0.8357  -0.9089  -1.6015
  -1.2264  -0.7477  -1.4235
  -1.0691  -1.3157  -1.1024
  -1.2677  -1.5234  -0.4019
  -0.3833  -1.7844  -0.8708
   0.1686  -1.6859  -1.1039
   0.4426  -1.2729  -1.5077
   0.7617  -0.8321  -1.6783
   0.6346  -0.4130  -1.8751
   0.7879   0.0341  -1.8621
   0.4636   0.3433  -1.9382
   0.1024   0.5810  -1.9343
  -0.3326   0.7096  -1.8642
  -0.6524   0.3581  -1.8803
  -1.0849   0.3108  -1.6781
  -1.3395  -0.1825  -1.5039
  -1.5791  -0.6108  -1.1057
  -1.4126  -1.1635  -0.8603
  -0.0919  -1.9417  -0.5574
   0.7256  -1.5173  -1.1228
   1.0459  -1.0748  -1.3566
   1.2137  -0.5267  -1.5294
   1.2417  -0.0284  -1.5959
   1.0924   0.4634  -1.6375
   0.7768   0.8199  -1.6774
   0.3793   1.0650  -1.6767
  -0.0839   1.1804  -1.6398
  -0.5871   1.0902  -1.5988
  -1.0179   0.8447  -1.5296
  -1.4325   0.4457  -1.3559
  -1.6827  -0.0394  -1.1208
  -1.6901  -0.9547  -0.5670
   0.5419  -1.8089  -0.7236
   1.1903  -1.3521  -0.9188
   1.4485  -0.8753  -1.1068
   1.5943  -0.3021  -1.2068
   1.5561   0.2662  -1.2637
   1.3558   0.7712  -1.2870
   1.0135   1.1629  -1.3076
   0.5756   1.4302  -1.3087
   0.0706   1.5564  -1.2892
  -0.4688   1.5063  -1.2651
  -0.9905   1.2853  -1.2068
  -1.4351   0.8964  -1.1073
  -1.7443   0.4504  -0.9187
  -1.8586  -0.3354  -0.7229
   0.3465  -1.9760  -0.2546
   1.3314  -1.4545  -0.4484
   1.7238  -0.7275  -0.7672
   1.8409  -0.1024  -0.8307
   1.7671   0.4801  -0.8581
   1.5356   0.9909  -0.8656
   1.1726   1.3965  -0.8742
   0.7116   1.6775  -0.8769
   0.1846   1.8170  -0.8682
  -0.3747   1.7923  -0.8582
  -0.9258   1.5951  -0.8294
  -1.4296   1.2075  -0.7665
  -1.8999   0.5282  -0.4480
  -1.9174  -0.5889  -0.2569
   0.9239  -1.7501  -0.4158
   1.6548  -1.0936  -0.3939
   1.9138  -0.5266  -0.3867
   1.9806   0.0694  -0.4020
   1.8783   0.6314  -0.4033
   1.6300   1.1286  -0.3984
   1.2591   1.5311  -0.3996
   0.7928   1.8156  -0.4055
   0.2641   1.9642  -0.4018
  -0.2910   1.9604  -0.4018
  -0.8365   1.7973  -0.3992
  -1.3367   1.4676  -0.3858
  -1.7247   0.9797  -0.3938
  -1.9788   0.0313  -0.4156
   0.9404  -1.7894   0.0544
   1.6990  -1.0918   0.1037
   1.9667  -0.4657   0.0672
   2.0179   0.1124   0.0708
   1.9092   0.6619   0.0794
   1.6567   1.1560   0.0906
   1.2822   1.5610   0.0934
   0.8108   1.8508   0.0815
   0.2757   2.0015   0.0859
  -0.2798   2.0010   0.0829
  -0.8173   1.8482   0.0753
  -1.3071   1.5415   0.0685
  -1.7432   1.0198   0.1036
  -2.0213   0.0287   0.0539
  -0.0918  -2.0201   0.0068
   1.3572  -1.4867   0.1924
   1.8383  -0.7200   0.4377
   1.9562  -0.0535   0.5096
   1.8666   0.5555   0.5448
   1.6156   1.0745   0.5699
   1.2412   1.4875   0.5798
   0.7690   1.7854   0.5572
   0.2213   1.9293   0.5641
  -0.3554   1.9128   0.5515
  -0.9350   1.7171   0.5163
  -1.4747   1.3121   0.4394
  -1.9399   0.5370   0.1945
  -1.7642  -0.9884   0.0114
   0.8732  -1.7446   0.5323
   1.4735  -1.2250   0.6462
   1.6879  -0.6924   0.8724
   1.7886  -0.1355   0.9338
   1.7172   0.4244   0.9800
   1.4839   0.9201   1.0203
   1.1273   1.3169   1.0414
   0.6790   1.6209   1.0006
   0.1403   1.7440   1.0140
  -0.4087   1.7149   0.9908
  -0.9324   1.5268   0.9428
  -1.3775   1.1940   0.8753
  -1.7564   0.7644   0.6482
  -1.9505  -0.0086   0.5336
   0.4086  -1.9526   0.3314
   1.0741  -1.4453   0.9202
   1.3652  -0.9571   1.1444
   1.5099  -0.3654   1.2946
   1.4802   0.1910   1.3645
   1.2727   0.6721   1.4205
   0.9357   1.0395   1.4606
   0.5366   1.3648   1.3924
   0.0059   1.4414   1.4184
  -0.5067   1.3850   1.3836
  -0.9999   1.1720   1.3100
  -1.4635   0.7910   1.1497
  -1.7750   0.3106   0.9177
  -1.9283  -0.5120   0.3299
   0.0030  -1.9117   0.6595
   0.5681  -1.6915   0.9516
   0.9424  -1.1412   1.3780
   1.1155  -0.6578   1.5532
   1.1437  -0.1403   1.6618
   0.9930   0.3319   1.7301
   0.6504   0.6430   1.8036
   0.3402   1.0233   1.7107
  -0.1623   0.9909   1.7553
  -0.6235   0.9171   1.6911
  -1.0872   0.6938   1.5576
  -1.4485   0.3271   1.3727
  -1.7641  -0.2506   0.9563
  -1.7140  -0.8627   0.6382
  -0.4513  -1.9497   0.2905
   0.0917  -1.6338   1.1881
   0.4900  -1.3682   1.4062
   0.4818  -0.9511   1.7183
   0.6802  -0.5050   1.8362
   0.6190  -0.0141   1.9251
   0.1594   0.0067   2.0159
   0.1397   0.5452   1.9423
  -0.3175   0.3219   1.9710
  -0.7541   0.3857   1.8363
  -1.0641   0.0215   1.7195
  -1.4424  -0.1790   1.4060
  -1.5156  -0.6829   1.1516
  -1.5264  -1.3088   0.2161
  -0.8711  -1.8150   0.1902
  -0.3624  -1.7205   0.9990
  -0.8080  -1.6608   0.8235
  -0.0274  -1.2181   1.6140
  -0.4969  -1.3389   1.4317
   0.1048  -0.6417   1.9149
  -0.4094  -0.8137   1.8055
  -0.2695  -0.2522   1.9883
  -0.7391  -0.3543   1.8487
  -0.8706  -0.9983   1.5280
  -1.1488  -0.6117   1.5477
  -1.0316  -1.3324   1.1180
  -1.3987  -1.1525   0.8971
  -1.2144  -1.5777   0.3543
  -0.5513  -2.4935  -0.4885
  -0.4736  -2.2383  -1.2352
  -0.0385  -2.0325  -1.6210
  -0.4561  -1.8533  -1.7656
   0.0918  -1.5870  -2.0574
   0.3432  -0.9945  -2.3777
  -0.1761  -1.2433  -2.2766
   0.2500  -0.4091  -2.5554
  -0.1947  -0.7186  -2.4911
  -0.4326  -0.2379  -2.5527
  -0.6657  -1.0053  -2.3035
  -0.9020  -0.5644  -2.3723
  -0.6802  -1.4967  -2.0143
  -1.1148  -1.2271  -2.0029
  -0.9874  -1.8112  -1.5826
  -0.9318  -2.1719  -1.0838
  -1.0011  -2.3527  -0.4717
  -0.0813  -2.4243  -0.9360
   0.2777  -2.2281  -1.3109
   0.5010  -1.7793  -1.8284
   0.6940  -1.3433  -2.1152
   0.9714  -0.9123  -2.2325
   0.7565  -0.5053  -2.4356
   0.7555   0.0006  -2.4878
   0.4411   0.3993  -2.5310
   0.0023   0.0616  -2.5993
  -0.1233   0.5916  -2.5288
  -0.6101   0.4438  -2.4881
  -0.8809   0.0320  -2.4460
  -1.3213  -0.1241  -2.2358
  -1.3777  -0.6471  -2.1079
  -1.5375  -1.0859  -1.7936
  -1.4401  -1.6035  -1.4543
  -1.3942  -1.9595  -0.9881
  -0.0097  -2.5610  -0.4486
   0.8122  -1.9751  -1.4830
   1.1151  -1.5209  -1.7898
   1.3960  -1.0437  -1.9292
   1.3449  -0.4845  -2.1718
   1.2871   0.0140  -2.2590
   1.0793   0.4757  -2.3171
   0.7912   0.8828  -2.3140
   0.3101   0.9444  -2.4025
  -0.1140   1.1832  -2.3123
  -0.5877   1.0222  -2.3173
  -1.0261   0.7716  -2.2609
  -1.3725   0.4150  -2.1689
  -1.7480  -0.0238  -1.9246
  -1.8185  -0.5679  -1.7694
  -1.8477  -1.1916  -1.3879
  -1.4707  -2.0916  -0.4714
   0.6668  -2.2989  -1.0151
   1.2725  -1.8527  -1.3070
   1.5912  -1.3948  -1.5109
   1.7533  -0.6921  -1.7908
   1.7457  -0.1116  -1.9235
   1.6116   0.4376  -1.9928
   1.3508   0.9129  -2.0253
   0.9695   1.3049  -2.0291
   0.4748   1.4549  -2.1019
  -0.0135   1.6278  -2.0274
  -0.5532   1.5339  -2.0251
  -1.0438   1.3029  -1.9932
  -1.4769   0.9411  -1.9217
  -1.8262   0.4728  -1.7893
  -2.1172  -0.1799  -1.4984
  -2.1115  -0.7504  -1.3186
  -1.8250  -1.5636  -0.9922
   0.9328  -2.3666  -0.5377
   1.6866  -1.7151  -0.9869
   1.9453  -1.0441  -1.3731
   2.0720  -0.4038  -1.5178
   2.0310   0.2163  -1.6088
   1.8516   0.7803  -1.6501
   1.5379   1.2649  -1.6719
   1.1128   1.6457  -1.6773
   0.6026   1.8501  -1.7245
   0.0695   1.9865  -1.6760
  -0.4989   1.9279  -1.6716
  -1.0378   1.7202  -1.6504
  -1.5153   1.3707  -1.6078
  -1.9147   0.8927  -1.5156
  -2.1902   0.3102  -1.3664
  -2.3725  -0.4142  -0.9797
  -2.1346  -1.3839  -0.5368
   1.2682  -2.1066  -0.8449
   2.0352  -1.3387  -0.9087
   2.2573  -0.7224  -1.0689
   2.3130  -0.1213  -1.1812
   2.2411   0.4723  -1.2306
   2.0251   1.0380  -1.2577
   1.6782   1.5265  -1.2701
   1.2250   1.9061  -1.2752
   0.6959   2.1392  -1.3037
   0.1308   2.2625  -1.2743
  -0.4595   2.2217  -1.2700
  -1.0276   2.0301  -1.2581
  -1.5352   1.7000  -1.2301
  -1.9425   1.2626  -1.1800
  -2.2536   0.7468  -1.0600
  -2.4337   0.1037  -0.9091
  -2.2472  -0.9875  -0.8573
   0.4983  -2.5169  -0.4203
   1.8767  -1.7497  -0.4204
   2.3730  -0.8827  -0.5913
   2.4880  -0.1025  -0.7480
   2.4012   0.5881  -0.8051
   2.1557   1.1944  -0.8285
   1.7837   1.6975  -0.8348
   1.3089   2.0838  -0.8392
   0.7596   2.3342  -0.8570
   0.1680   2.4552  -0.8389
  -0.4435   2.4220  -0.8349
  -1.0406   2.2337  -0.8294
  -1.5964   1.8877  -0.8051
  -2.0733   1.3800  -0.7464
  -2.4419   0.6756  -0.5838
  -2.5454  -0.3202  -0.4224
  -1.8471  -1.7880  -0.3886
   1.4666  -2.1132  -0.3790
   2.2144  -1.3052  -0.3910
   2.5293  -0.4523  -0.3975
   2.5589   0.2443  -0.3905
   2.4224   0.8592  -0.3920
   2.1606   1.3950  -0.3822
   1.7913   1.8467  -0.3751
   1.3283   2.2029  -0.3778
   0.7947   2.4446  -0.3903
   0.2208   2.5629  -0.3778
  -0.3631   2.5470  -0.3751
  -0.9267   2.3989  -0.3830
  -1.4529   2.1201  -0.3927
  -1.9252   1.7032  -0.3905
  -2.3123   1.1206  -0.3973
  -2.5594   0.2380  -0.3911
  -2.4226  -0.8584  -0.3930
   1.4498  -2.1562   0.0938
   2.2347  -1.3259   0.0896
   2.5444  -0.5310   0.0639
   2.5939   0.1597   0.0790
   2.4772   0.7858   0.0766
   2.2237   1.3444   0.0876
   1.8444   1.8299   0.0984
   1.3617   2.2129   0.0939
   0.8035   2.4714   0.0825
   0.1997   2.5906   0.0934
  -0.4170   2.5645   0.0979
  -1.0107   2.3940   0.0859
  -1.5452   2.0897   0.0742
  -2.0080   1.6499   0.0775
  -2.3731   1.0604   0.0645
  -2.5877   0.2354   0.0920
  -2.4404  -0.8933   0.0816
   0.4482  -2.5601   0.0691
   1.8981  -1.7699   0.1566
   2.4120  -0.9102   0.3377
   2.5559  -0.1490   0.4527
   2.4834   0.5865   0.4988
   2.2212   1.2409   0.5353
   1.8299   1.7604   0.5590
   1.3458   2.1539   0.5562
   0.7869   2.4176   0.5441
   0.1797   2.5337   0.5550
  -0.4436   2.5003   0.5582
  -1.0655   2.3109   0.5333
  -1.6643   1.9349   0.4962
  -2.1567   1.3801   0.4518
  -2.4881   0.6746   0.3383
  -2.5754  -0.3251   0.1479
  -2.0133  -1.6439   0.0658
   1.4832  -2.0492   0.6008
   2.1712  -1.2676   0.6625
   2.4144  -0.5726   0.7764
   2.4427   0.0812   0.8870
   2.3313   0.6623   0.9416
   2.0967   1.1845   0.9803
   1.7411   1.6453   1.0107
   1.2847   2.0243   1.0059
   0.7439   2.2860   0.9903
   0.1522   2.3937   1.0036
  -0.4417   2.3552   1.0090
  -1.0020   2.1910   0.9775
  -1.4994   1.9060   0.9375
  -1.9308   1.4995   0.8853
  -2.2923   0.9523   0.7735
  -2.5002   0.2446   0.6702
  -2.3943  -0.8020   0.6196
   0.9937  -2.3948   0.1944
   1.8694  -1.6570   0.7208
   2.1783  -0.8908   1.1052
   2.2661  -0.2418   1.2515
   2.1917   0.3982   1.3409
   1.9687   0.9628   1.3990
   1.6262   1.4251   1.4438
   1.1959   1.8093   1.4339
   0.6767   2.0754   1.4124
   0.1000   2.1692   1.4299
  -0.4764   2.1111   1.4409
  -1.0260   1.9382   1.3967
  -1.5386   1.6146   1.3364
  -1.9766   1.1363   1.2497
  -2.2835   0.5612   1.1093
  -2.4916  -0.2583   0.6965
  -2.2266  -1.3076   0.3045
   1.0133  -2.2676   0.7688
   1.5533  -1.7621   1.1145
   1.8887  -1.2619   1.2650
   2.0130  -0.5489   1.5513
   1.9824   0.1100   1.6787
   1.7839   0.6759   1.7666
   1.4610   1.1134   1.8400
   1.0741   1.5091   1.8245
   0.5844   1.7859   1.7969
   0.0256   1.8586   1.8180
  -0.5253   1.7657   1.8348
  -1.0462   1.5959   1.7659
  -1.5389   1.2620   1.6731
  -1.9483   0.7427   1.5532
  -2.2720   0.0869   1.2611
  -2.2937  -0.4768   1.1276
  -2.0988  -1.3153   0.7906
   0.5076  -2.4872   0.5625
   1.1253  -1.9472   1.3047
   1.5163  -1.3903   1.5899
   1.6992  -0.8810   1.7597
   1.7144  -0.2344   1.9406
   1.5452   0.3281   2.0651
   1.2210   0.7034   2.1850
   0.9102   1.1220   2.1616
   0.4675   1.4164   2.1296
  -0.0661   1.4591   2.1510
  -0.5861   1.3034   2.1720
  -1.0591   1.1633   2.0700
  -1.5139   0.8374   1.9408
  -1.8954   0.2886   1.7562
  -2.0294  -0.2240   1.6097
  -2.0877  -0.9217   1.2457
  -1.6627  -1.9770   0.2949
   0.0232  -2.5107   0.6750
   0.6815  -2.2155   1.1777
   1.0665  -1.6187   1.7327
   1.2083  -1.1092   2.0173
   1.3640  -0.6046   2.1293
   1.2623  -0.0561   2.2723
   0.8606   0.1639   2.4479
   0.6934   0.6354   2.4239
   0.3133   0.9683   2.3925
  -0.2196   0.9767   2.3996
  -0.5481   0.6033   2.4689
  -1.0173   0.6849   2.2926
  -1.4690   0.3554   2.1156
  -1.6201  -0.1820   2.0254
  -1.8514  -0.7133   1.6803
  -1.8260  -1.3806   1.2328
  -1.6880  -1.8232   0.7660
  -0.2010  -2.5918   0.0469
   0.1750  -2.3098   1.1808
   0.5677  -1.9105   1.6696
   0.6701  -1.4508   2.0509
   0.7294  -0.9862   2.2925
   0.8988  -0.4781   2.3924
   0.3902  -0.4739   2.5265
   0.3751   0.0572   2.5722
   0.0403   0.4797   2.5550
  -0.1544  -0.0647   2.5946
  -0.6320   0.0837   2.5206
  -1.1098   0.0701   2.3502
  -1.1354  -0.4679   2.2917
  -1.4596  -0.7466   2.0180
  -1.5438  -1.2326   1.6903
  -1.4566  -1.7608   1.2401
  -1.2851  -2.2602   0.0186
  -0.5763  -2.5132   0.3342
  -0.4577  -2.4064   0.8717
  -0.4426  -2.1850   1.3378
   0.0441  -2.0325   1.6208
  -0.3745  -1.8208   1.8178
   0.1704  -1.5971   2.0446
   0.2013  -1.0116   2.3867
  -0.2187  -1.3139   2.2329
  -0.1559  -0.6216   2.5198
  -0.6267  -1.0187   2.3086
  -0.6609  -0.5033   2.4637
  -0.7412  -1.5391   1.9600
  -1.0928  -1.1298   2.0711
  -1.1435  -1.6468   1.6554
  -0.9217  -2.0370   1.3270
  -1.1643  -2.1595   0.8607
  -1.0211  -2.3536   0.4217
   0.2017  -3.1483  -0.3818
   0.2113  -2.8602  -1.3686
   0.2593  -2.5660  -1.8565
   0.6582  -2.2402  -2.1556
   0.1720  -2.1997  -2.2870
   0.7165  -1.7554  -2.5502
   0.2003  -1.7570  -2.6403
   0.7074  -0.8933  -2.9665
   0.3968  -1.3175  -2.8645
   0.2941  -0.4988  -3.1246
   0.0563  -0.9431  -3.0341
  -0.2492  -0.3302  -3.1507
  -0.4516  -0.9057  -3.0123
  -0.7789  -1.2423  -2.8193
  -0.2350  -1.4558  -2.8149
  -0.7001  -1.7413  -2.5644
  -0.2721  -2.0043  -2.4509
  -0.6057  -2.2626  -2.1475
  -0.2360  -2.5554  -1.8742
  -0.3561  -2.8671  -1.3233
  -0.1383  -3.0499  -0.8816
   0.4668  -3.0046  -0.9235
   0.7036  -2.6488  -1.6084
   1.1170  -2.1858  -2.0181
   1.2175  -1.7375  -2.3658
   1.0490  -1.3163  -2.6954
   1.2236  -0.8360  -2.8111
   1.1652  -0.3359  -2.9373
   0.6980  -0.2378  -3.0910
   0.8224   0.2583  -3.0586
   0.3516   0.4853  -3.1208
   0.0923   0.0454  -3.1761
  -0.3118   0.4154  -3.1350
  -0.7414   0.1467  -3.0866
  -0.7248  -0.4511  -3.0610
  -1.1592  -0.2159  -2.9509
  -1.1623  -0.7707  -2.8554
  -1.2601  -1.2678  -2.6274
  -1.1776  -1.7528  -2.3747
  -1.0904  -2.2015  -2.0156
  -0.7190  -2.6184  -1.6509
  -0.3393  -3.1396  -0.3549
   0.7792  -3.0400  -0.4995
   1.1996  -2.5003  -1.5517
   1.5794  -1.9187  -1.9804
   1.5877  -1.3217  -2.4146
   1.6895  -0.7987  -2.5702
   1.6695  -0.2727  -2.6901
   1.3994   0.1541  -2.8489
   1.2374   0.6233  -2.8598
   0.8126   0.8631  -2.9484
   0.3819   1.1082  -2.9537
  -0.0501   0.8676  -3.0566
  -0.4240   1.1930  -2.9147
  -0.7263   0.7976  -2.9891
  -1.1441   0.5853  -2.9063
  -1.4418   0.2058  -2.8244
  -1.6528  -0.2791  -2.6997
  -1.6634  -0.7958  -2.5881
  -1.6827  -1.3433  -2.3372
  -1.5466  -1.9085  -2.0159
  -1.2238  -2.5035  -1.5274
  -0.7585  -3.0085  -0.6869
   0.9608  -2.8062  -1.1403
   1.6405  -2.2409  -1.5445
   1.9126  -1.5611  -2.0007
   2.0442  -1.0108  -2.2131
   2.0861  -0.3993  -2.3637
   1.9362   0.1798  -2.5134
   1.7225   0.6631  -2.5868
   1.3867   1.1058  -2.6367
   0.9573   1.3798  -2.6978
   0.4920   1.5869  -2.7089
  -0.0051   1.5422  -2.7785
  -0.5089   1.6608  -2.6610
  -0.9492   1.3539  -2.7137
  -1.3482   1.0634  -2.6739
  -1.6939   0.6729  -2.6031
  -1.9426   0.1882  -2.5078
  -2.0755  -0.3836  -2.3756
  -2.0554  -0.9720  -2.2201
  -1.9422  -1.6154  -1.9278
  -1.6440  -2.2164  -1.5757
  -0.9383  -2.8083  -1.1539
   1.2861  -2.8073  -0.7506
   2.0442  -1.9371  -1.4721
   2.2825  -1.3169  -1.7760
   2.3824  -0.6747  -1.9918
   2.3537  -0.0168  -2.1349
   2.1948   0.5597  -2.2289
   1.9026   1.0841  -2.3028
   1.5136   1.5224  -2.3430
   1.0457   1.8201  -2.3858
   0.5305   2.0060  -2.4068
   0.0003   2.0235  -2.4502
  -0.5423   2.0546  -2.3628
  -1.0571   1.8044  -2.3926
  -1.5050   1.4919  -2.3680
  -1.8869   1.0816  -2.3169
  -2.1834   0.5768  -2.2357
  -2.3536  -0.0055  -2.1352
  -2.3881  -0.6468  -1.9942
  -2.2848  -1.2866  -1.7952
  -2.0578  -1.9514  -1.4338
  -1.3139  -2.7862  -0.7805
   1.6469  -2.4960  -1.0752
   2.4125  -1.5733  -1.3427
   2.5922  -0.9642  -1.5649
   2.6512  -0.3649  -1.7135
   2.5892   0.2747  -1.8218
   2.3684   0.8997  -1.9182
   2.0370   1.4336  -1.9733
   1.6123   1.8686  -2.0017
   1.1123   2.1744  -2.0330
   0.5656   2.3562  -2.0559
   0.0025   2.4011  -2.0816
  -0.5719   2.3844  -2.0214
  -1.1228   2.1649  -2.0374
  -1.6147   1.8477  -2.0192
  -2.0344   1.4257  -1.9816
  -2.3646   0.9077  -1.9191
  -2.5854   0.2899  -1.8249
  -2.6560  -0.3529  -1.7086
  -2.5947  -0.9532  -1.5676
  -2.4184  -1.5582  -1.3497
  -1.6658  -2.4776  -1.0884
   1.7274  -2.6203  -0.4983
   2.4249  -1.8516  -0.8886
   2.8188  -0.9161  -1.1461
   2.8644  -0.1283  -1.3700
   2.7425   0.5837  -1.4954
   2.5026   1.1880  -1.5568
   2.1553   1.7070  -1.5934
   1.7126   2.1340  -1.6160
   1.1881   2.4462  -1.6441
   0.6087   2.6339  -1.6705
   0.0014   2.6913  -1.6897
  -0.6129   2.6494  -1.6442
  -1.1921   2.4417  -1.6478
  -1.7121   2.1223  -1.6318
  -2.1583   1.6971  -1.5999
  -2.5065   1.1884  -1.5503
  -2.7391   0.5989  -1.4957
  -2.8645  -0.1065  -1.3716
  -2.8172  -0.9165  -1.1497
  -2.4237  -1.8535  -0.8880
  -1.7258  -2.6248  -0.4797
   2.0691  -2.2327  -0.9122
   2.7205  -1.3701  -0.9056
   2.9843  -0.4741  -0.9834
   2.9674   0.2962  -1.0977
   2.8021   0.9649  -1.1469
   2.5164   1.5425  -1.1777
   2.1300   2.0311  -1.1983
   1.6575   2.4239  -1.2148
   1.1261   2.7032  -1.2341
   0.5613   2.8644  -1.2564
  -0.0007   2.9120  -1.2722
  -0.5668   2.8726  -1.2350
  -1.1367   2.6981  -1.2355
  -1.6646   2.4127  -1.2273
  -2.1321   2.0219  -1.2100
  -2.5263   1.5346  -1.1668
  -2.8119   0.9603  -1.1268
  -2.9657   0.3135  -1.0976
  -2.9813  -0.4593  -0.9995
  -2.7179  -1.3780  -0.9014
  -2.0731  -2.2410  -0.8824
   1.2302  -2.9247  -0.1768
   2.5942  -1.7945  -0.3847
   3.0119  -0.8504  -0.5510
   3.0994  -0.0184  -0.7010
   3.0031   0.7265  -0.7430
   2.7569   1.3870  -0.7577
   2.3899   1.9482  -0.7690
   1.9124   2.4134  -0.7852
   1.3459   2.7644  -0.8030
   0.7084   2.9843  -0.8309
  -0.0070   3.0632  -0.8456
  -0.7148   2.9881  -0.8117
  -1.3454   2.7644  -0.8040
  -1.9073   2.4139  -0.7959
  -2.3869   1.9463  -0.7828
  -2.7763   1.3585  -0.7382
  -3.0153   0.7087  -0.7098
  -3.1007   0.0139  -0.6956
  -2.9945  -0.8900  -0.5825
  -2.5867  -1.8070  -0.3772
  -1.2227  -2.9246  -0.2239
   2.1963  -2.2601  -0.4077
   2.8750  -1.2965  -0.3894
   3.1383  -0.3651  -0.3409
   3.1306   0.3977  -0.3731
   2.9538   1.1120  -0.3697
   2.6450   1.7249  -0.3563
   2.2080   2.2553  -0.3701
   1.6752   2.6732  -0.3819
   1.0918   2.9588  -0.3898
   0.5252   3.1083  -0.4012
   0.0190   3.1532  -0.3942
  -0.5135   3.1126  -0.3825
  -1.1028   2.9550  -0.3871
  -1.6798   2.6696  -0.3870
  -2.1998   2.2608  -0.3847
  -2.6343   1.7351  -0.3847
  -2.9774   1.0624  -0.3236
  -3.1411   0.3683  -0.3102
  -3.1246  -0.4113  -0.4076
  -2.8644  -1.3264  -0.3666
  -2.1914  -2.2691  -0.3837
   2.2452  -2.2478   0.0716
   2.8686  -1.3641   0.0940
   3.1156  -0.6221   0.0640
   3.1753   0.1211   0.0336
   3.0845   0.7644  -0.0012
   2.8621   1.3802   0.0411
   2.4780   1.9892   0.0314
   1.9731   2.4910   0.0177
   1.3761   2.8643   0.0174
   0.6967   3.1002   0.0374
  -0.0534   3.1767   0.0622
  -0.7607   3.0850   0.0519
  -1.3935   2.8557   0.0393
  -1.9608   2.5005   0.0344
  -2.4450   2.0297   0.0267
  -2.8247   1.4558   0.0027
  -3.1059   0.6652   0.0948
  -3.1761  -0.1008   0.0268
  -3.0999  -0.6987   0.0234
  -2.8877  -1.3203   0.1272
  -2.2568  -2.2353   0.0930
   1.7617  -2.6446   0.0273
   2.5904  -1.8339   0.1582
   2.9971  -0.9834   0.3853
   3.1445  -0.1241   0.4415
   3.0439   0.7953   0.4474
   2.7281   1.5723   0.4285
   2.3012   2.1489   0.4302
   1.8059   2.5768   0.4437
   1.2684   2.8766   0.4631
   0.7075   3.0597   0.4859
   0.1271   3.1377   0.4868
  -0.4958   3.1029   0.4735
  -1.1197   2.9370   0.4675
  -1.6979   2.6462   0.4612
  -2.2126   2.2358   0.4514
  -2.6401   1.7165   0.4265
  -2.9621   1.0994   0.3401
  -3.1437   0.2131   0.4122
  -3.0056  -0.9205   0.4661
  -2.6059  -1.8114   0.1622
  -1.7573  -2.6473   0.0426
   2.0555  -2.3708   0.5024
   2.7310  -1.4909   0.6457
   3.0454  -0.5651   0.7101
   3.0841   0.3221   0.6949
   2.8914   1.0465   0.8020
   2.6014   1.6076   0.8640
   2.2089   2.1090   0.8783
   1.7106   2.5240   0.8954
   1.1345   2.8247   0.9122
   0.5145   2.9972   0.9221
  -0.1234   3.0416   0.9120
  -0.7661   2.9517   0.8936
  -1.3700   2.7277   0.8837
  -1.9229   2.3766   0.8675
  -2.4013   1.9030   0.8430
  -2.7736   1.3358   0.7882
  -2.9990   0.7687   0.7164
  -3.0366   0.2247   0.9093
  -3.1002  -0.3958   0.5749
  -2.7383  -1.4746   0.6523
  -2.0421  -2.3814   0.5068
   1.3995  -2.8288   0.3713
   2.4122  -1.9547   0.6772
   2.8459  -1.0593   0.9364
   2.9958  -0.1794   1.0448
   2.9233   0.5270   1.1292
   2.6859   1.1803   1.2211
   2.3327   1.7543   1.2567
   1.8816   2.2207   1.2753
   1.3391   2.5736   1.2969
   0.7328   2.7958   1.3208
   0.1086   2.8841   1.3298
  -0.5055   2.8516   1.3080
  -1.1184   2.6727   1.3055
  -1.6705   2.3760   1.2893
  -2.1610   1.9619   1.2567
  -2.5775   1.4136   1.2069
  -2.8635   0.7252   1.1717
  -2.9817  -0.2963   1.0582
  -2.8586  -1.0234   0.9376
  -2.4169  -1.9512   0.6704
  -1.3862  -2.8371   0.3577
   1.7184  -2.5532   0.7916
   2.4685  -1.6421   1.1438
   2.8063  -0.6871   1.3231
   2.8279   0.0449   1.4489
   2.6891   0.6873   1.5474
   2.4203   1.2618   1.6274
   2.0541   1.7666   1.6607
   1.5912   2.1790   1.6788
   1.0573   2.4670   1.7012
   0.4923   2.6199   1.7297
  -0.0846   2.6589   1.7381
  -0.6819   2.6000   1.6951
  -1.2332   2.3828   1.7028
  -1.7415   2.0654   1.6732
  -2.1805   1.6432   1.6258
  -2.5075   1.1410   1.5840
  -2.6872   0.5997   1.5867
  -2.8315   0.0461   1.4418
  -2.7946  -0.7116   1.3350
  -2.4775  -1.6362   1.1328
  -1.7033  -2.5583   0.8077
   0.6726  -3.1055   0.0418
   2.0770  -2.1509   1.0761
   2.5895  -1.1887   1.4071
   2.6489  -0.3951   1.7104
   2.5677   0.2519   1.8552
   2.3577   0.8392   1.9584
   2.0432   1.3687   2.0125
   1.6389   1.8059   2.0374
   1.1495   2.1242   2.0651
   0.5984   2.3012   2.1083
   0.0308   2.3552   2.1332
  -0.5448   2.3449   2.0744
  -1.1059   2.1202   2.0929
  -1.6039   1.8119   2.0598
  -2.0245   1.3975   2.0116
  -2.3339   0.8807   1.9686
  -2.5415   0.2347   1.8931
  -2.6482  -0.3993   1.7106
  -2.5810  -1.2017   1.4116
  -2.0825  -2.1515   1.0641
  -0.7627  -3.0848  -0.0298
   0.9331  -2.9960   0.5014
   1.7066  -2.2708   1.4245
   1.9114  -1.5807   1.9865
   2.0190  -1.0437   2.2209
   2.0533  -0.4597   2.3814
   1.8912   0.0851   2.5523
   1.7281   0.5791   2.6032
   1.3984   1.0405   2.6571
   0.9663   1.3646   2.7023
   0.4767   1.5040   2.7584
  -0.0124   1.4644   2.8202
  -0.4983   1.5961   2.7023
  -0.9457   1.2799   2.7506
  -1.3601   1.0207   2.6845
  -1.7101   0.6093   2.6082
  -1.9553   0.0986   2.5031
  -2.0427  -0.4947   2.3834
  -1.9869  -1.0227   2.2594
  -1.9203  -1.6001   1.9622
  -1.7126  -2.2717   1.4158
  -0.9203  -2.9950   0.5303
   0.8252  -2.8850   1.0459
   1.2352  -2.5105   1.5066
   1.6043  -1.9950   1.8827
   1.5694  -1.3904   2.3879
   1.6564  -0.8637   2.5707
   1.6109  -0.3544   2.7162
   1.3108   0.0245   2.8947
   1.2766   0.5207   2.8631
   0.8799   0.8719   2.9264
   0.4072   0.9894   2.9922
  -0.0598   0.8660   3.0569
  -0.4900   1.0976   2.9417
  -0.7192   0.6307   3.0304
  -1.1806   0.5699   2.8948
  -1.4711   0.1265   2.8139
  -1.6472  -0.3619   2.6933
  -1.5507  -0.9056   2.6217
  -1.6097  -1.4116   2.3484
  -1.5950  -2.0058   1.8791
  -1.2505  -2.5132   1.4894
  -0.7706  -2.9062   1.0288
   0.4074  -3.0809   0.6637
   0.7207  -2.6788   1.5502
   1.1137  -2.2443   1.9547
   1.2535  -1.8194   2.2840
   1.0169  -1.4506   2.6382
   1.1843  -0.9783   2.7819
   1.0940  -0.5087   2.9398
   0.7187  -0.1501   3.0918
   0.7756   0.3479   3.0620
   0.2679   0.3876   3.1427
   0.1429  -0.1394   3.1715
  -0.2772   0.3694   3.1440
  -0.4988  -0.0833   3.1373
  -0.9752   0.0253   3.0244
  -1.1834  -0.4794   2.9100
  -1.0109  -1.0149   2.8366
  -1.1217  -1.4248   2.6096
  -1.2299  -1.8478   2.2740
  -1.1014  -2.2582   1.9457
  -0.7417  -2.6661   1.5621
  -0.4015  -3.1314   0.3629
   0.1089  -3.1713   0.1715
   0.2648  -2.9165   1.2337
   0.2361  -2.6312   1.7662
   0.6337  -2.3396   2.0549
   0.2027  -2.2129   2.2717
   0.7373  -1.8858   2.4492
   0.2972  -1.7519   2.6345
   0.6416  -1.1618   2.8874
   0.1085  -1.3501   2.8747
   0.5333  -0.6352   3.0676
   0.0801  -0.9015   3.0462
  -0.2084  -0.5323   3.1259
  -0.6848  -0.6524   3.0338
  -0.4922  -1.2109   2.8965
  -0.2825  -1.6743   2.6861
  -0.7445  -1.8083   2.5048
  -0.2652  -2.1179   2.3542
  -0.6263  -2.3215   2.0777
  -0.2443  -2.5965   1.8157
  -0.2847  -2.8892   1.2923
  -0.1379  -3.0723   0.8003
   1.3211  -2.7069   1.0127
   2.1212  -1.8039   1.5312
   2.3064  -1.2496   1.7937
   2.3844  -0.7148   1.9754
   2.3374  -0.0919   2.1509
   2.1789   0.4693   2.2651
   1.8972   1.0165   2.3379
   1.5041   1.4739   2.3799
   1.0292   1.7933   2.4131
   0.5096   1.9453   2.4606
  -0.0095   1.9659   2.4966
  -0.5461   2.0006   2.4079
  -1.0460   1.7445   2.4415
  -1.4972   1.4520   2.3976
  -1.8807   1.0404   2.3407
  -2.1750   0.5068   2.2607
  -2.3418  -0.1387   2.1436
  -2.3826  -0.7463   1.9658
  -2.2899  -1.2566   1.8098
  -2.1281  -1.8104   1.5139
  -1.2868  -2.7281   1.0000
   0.6493  -3.6929  -0.2118
   0.6923  -3.0449  -2.0865
   0.9330  -3.5797  -0.6476
   0.9748  -3.4458  -1.1317
   1.0932  -3.1523  -1.7241
   1.2814  -3.5217  -0.2445
   1.4268  -3.2246  -1.2925
   0.9094  -2.7162  -2.4289
   1.3360  -2.8178  -2.0926
   1.6016  -2.4720  -2.3299
   1.1552  -2.3598  -2.6834
   1.1489  -1.9473  -2.9987
   1.3553  -1.4747  -3.1769
   0.8516  -1.5072  -3.3327
   1.2514  -0.9256  -3.4178
   0.7670  -1.0302  -3.5291
   0.7459  -0.4990  -3.6468
   0.2712  -1.0282  -3.6019
   0.2293  -0.4595  -3.7203
  -0.2177  -0.7534  -3.6728
  -0.1761  -1.3296  -3.5079
   0.2987  -1.5796  -3.3941
   0.0847  -2.0483  -3.1467
   0.6299  -1.9765  -3.1306
   0.5559  -2.3943  -2.8394
   1.7923  -3.2900  -0.2600
   2.0536  -2.6446  -1.7009
   2.0154  -2.2251  -2.2564
   1.6287  -2.0138  -2.7196
   1.8147  -1.5303  -2.9102
   1.7301  -1.0436  -3.1657
   1.6343  -0.5052  -3.3434
   1.1968  -0.3136  -3.5459
   1.0439   0.1970  -3.6022
   0.6573   0.5615  -3.6547
   0.5118   0.0233  -3.7205
   0.0750   0.3943  -3.7340
  -0.1388  -0.0661  -3.7524
  -0.6040   0.2704  -3.6968
  -0.5695  -0.3560  -3.6950
  -0.9900  -0.6730  -3.5596
  -0.6515  -1.0585  -3.5439
  -0.8590  -1.4713  -3.3469
  -0.3698  -1.7570  -3.2986
   0.2125  -3.1739  -1.9964
  -0.5247  -2.1697  -3.0202
  -0.0643  -2.4561  -2.8403
  -0.1277  -2.8831  -2.4033
   0.3587  -2.7647  -2.5163
   0.6125  -3.3567  -1.5689
   1.6602  -2.9109  -1.6955
   1.5268  -3.3460  -0.7601
   2.1263  -1.7881  -2.5270
   2.2198  -1.2112  -2.7766
   2.0979  -0.6743  -3.0411
   1.9945  -0.1225  -3.1798
   1.5903   0.1105  -3.4004
   1.4442   0.5926  -3.4157
   1.0615   0.8983  -3.4886
   0.6474   1.2007  -3.4991
   0.2307   0.9002  -3.6388
  -0.1737   1.2183  -3.5482
  -0.3645   0.7311  -3.6656
  -0.8273   0.9424  -3.5400
  -1.1100   0.4961  -3.5533
  -1.0254  -0.0845  -3.6119
  -1.5000   0.0827  -3.4420
  -1.4754  -0.4680  -3.4218
  -1.3441  -1.0218  -3.3546
  -1.3838  -1.5023  -3.1515
  -1.0271  -1.9027  -3.0707
  -0.9626  -2.3719  -2.7481
  -0.5454  -2.6584  -2.5961
  -0.2962  -3.2024  -1.9393
   0.4000  -3.5682  -1.1009
   1.9123  -3.0187  -1.1554
   2.3324  -2.2842  -1.8566
   2.5149  -1.4825  -2.3626
   2.5124  -0.8018  -2.6738
   2.4404  -0.2772  -2.8411
   2.2265   0.2871  -3.0107
   1.9150   0.6699  -3.1604
   1.6016   1.1154  -3.2086
   1.1810   1.4186  -3.2706
   0.7383   1.7159  -3.2581
   0.2525   1.5527  -3.4102
  -0.1556   1.8317  -3.2749
  -0.5526   1.5052  -3.3961
  -1.0249   1.4286  -3.3186
  -1.3799   1.0885  -3.3189
  -1.6013   0.6597  -3.3324
  -1.9455   0.3171  -3.1967
  -1.9642  -0.2098  -3.1941
  -1.8889  -0.7279  -3.1633
  -1.8428  -1.2233  -3.0351
  -1.7329  -1.7651  -2.8259
  -1.4263  -2.1550  -2.7251
  -1.0650  -2.7395  -2.3378
  -0.7301  -3.0225  -2.1062
   0.0522  -3.4438  -1.4972
   2.3450  -2.6628  -1.2308
   2.5562  -1.8661  -2.0218
   2.7923  -1.1083  -2.2536
   2.8472  -0.5424  -2.3882
   2.6710   0.1060  -2.6380
   2.4464   0.6729  -2.7689
   2.1187   1.1192  -2.8918
   1.7539   1.5517  -2.9361
   1.3124   1.8634  -2.9849
   0.8338   2.1379  -2.9730
   0.3087   2.1102  -3.0913
  -0.2240   2.2644  -2.9877
  -0.6983   1.9964  -3.1034
  -1.1959   1.8439  -3.0453
  -1.6193   1.5185  -3.0292
  -1.9206   1.0791  -3.0415
  -2.2307   0.6657  -2.9470
  -2.3783   0.0933  -2.9050
  -2.3633  -0.4694  -2.8808
  -2.2905  -1.0074  -2.8006
  -2.1539  -1.5643  -2.6491
  -1.8839  -2.1942  -2.3960
  -1.5220  -2.5565  -2.2917
  -0.8835  -3.2601  -1.6417
   0.2889  -3.6897  -0.6380
   2.6671  -2.1957  -1.4730
   2.8929  -1.6167  -1.7668
   3.0926  -0.9137  -1.9249
   3.0282  -0.1272  -2.2176
   2.8817   0.4615  -2.3637
   2.6248   1.0297  -2.4808
   2.2746   1.5046  -2.5820
   1.8636   1.9386  -2.6217
   1.3813   2.2626  -2.6602
   0.8385   2.5135  -2.6615
   0.2843   2.5400  -2.7517
  -0.2953   2.6242  -2.6703
  -0.8220   2.3960  -2.7727
  -1.3496   2.1986  -2.7292
  -1.8125   1.8710  -2.7053
  -2.1715   1.4262  -2.7120
  -2.4890   0.9613  -2.6429
  -2.6750   0.3860  -2.6076
  -2.7310  -0.2374  -2.5670
  -2.6799  -0.8291  -2.4970
  -2.5414  -1.3968  -2.3863
  -2.2830  -1.9613  -2.2462
  -1.8843  -2.6214  -1.9188
  -1.3350  -2.9742  -1.8645
  -0.4494  -3.4576  -1.3955
   2.0968  -3.0409  -0.6786
   3.1790  -1.2764  -1.5391
   3.2620  -0.4171  -1.8136
   3.2034   0.2869  -1.9391
   2.9950   0.8882  -2.0845
   2.7072   1.4281  -2.1761
   2.3378   1.8883  -2.2524
   1.8898   2.3035  -2.2862
   1.3679   2.6196  -2.3175
   0.7940   2.8435  -2.3212
   0.2130   2.8920  -2.3865
  -0.3952   2.9235  -2.3240
  -0.9511   2.7168  -2.4122
  -1.4666   2.5103  -2.3773
  -1.9516   2.1813  -2.3532
  -2.3515   1.7363  -2.3580
  -2.6870   1.2454  -2.3094
  -2.9107   0.6574  -2.2803
  -3.0071   0.0236  -2.2497
  -2.9969  -0.6104  -2.1795
  -2.8866  -1.2059  -2.0778
  -2.6758  -1.7568  -1.9641
  -2.3322  -2.3103  -1.8241
  -1.3458  -3.2502  -1.3149
  -0.2687  -3.6291  -0.9282
   2.8360  -2.2493  -1.0009
   3.0580  -1.7847  -1.2520
   3.3947  -0.7772  -1.4058
   3.4225   0.0625  -1.5449
   3.2554   0.8308  -1.6782
   2.9538   1.4918  -1.7759
   2.5432   2.0468  -1.8566
   2.0658   2.4984  -1.8960
   1.5244   2.8395  -1.9281
   0.9393   3.0766  -1.9382
   0.3125   3.1677  -1.9930
  -0.3079   3.1907  -1.9567
  -0.9502   3.0080  -2.0379
  -1.6160   2.7351  -2.0030
  -2.1497   2.3676  -1.9692
  -2.5735   1.9006  -1.9669
  -2.9185   1.3730  -1.9239
  -3.1458   0.7798  -1.8974
  -3.2537   0.1367  -1.8706
  -3.2517  -0.5353  -1.8012
  -3.1234  -1.2328  -1.6820
  -2.7923  -1.9750  -1.5513
  -2.2347  -2.6662  -1.4149
  -1.7572  -2.9574  -1.5067
  -0.9210  -3.4778  -1.0774
   2.5471  -2.6566  -0.7477
   3.3879  -1.2357  -1.0486
   3.5453  -0.3007  -1.2020
   3.4750   0.5529  -1.3126
   3.2354   1.2877  -1.4064
   2.8717   1.9198  -1.4736
   2.4225   2.4361  -1.5170
   1.8925   2.8530  -1.5436
   1.3073   3.1551  -1.5622
   0.6681   3.3396  -1.5826
   0.0509   3.3974  -1.5998
  -0.5984   3.3486  -1.5914
  -1.1608   3.1727  -1.6403
  -1.5962   3.0039  -1.5916
  -2.0774   2.6945  -1.5900
  -2.5453   2.2576  -1.5902
  -2.9306   1.7487  -1.5677
  -3.2247   1.1528  -1.5415
  -3.3969   0.4984  -1.5222
  -3.4455  -0.1783  -1.4836
  -3.3679  -0.8760  -1.4121
  -3.1139  -1.6145  -1.3421
  -2.6507  -2.3514  -1.2445
  -1.9781  -3.0240  -1.0230
  -0.7744  -3.6242  -0.6081
   2.7209  -2.5770  -0.2448
   3.2627  -1.6941  -0.7677
   3.5884  -0.7171  -0.8445
   3.6294   0.1927  -0.9459
   3.4697   1.0109  -1.0214
   3.1630   1.7106  -1.0833
   2.7444   2.3055  -1.1212
   2.2363   2.7891  -1.1506
   1.6552   3.1625  -1.1676
   1.0199   3.4140  -1.1868
   0.3532   3.5439  -1.1917
  -0.3000   3.5454  -1.2019
  -0.9912   3.4019  -1.2445
  -1.8390   3.0513  -1.1881
  -2.4071   2.6219  -1.1982
  -2.8584   2.1278  -1.1859
  -3.2154   1.5479  -1.1701
  -3.4601   0.8958  -1.1530
  -3.5765   0.2048  -1.1273
  -3.5594  -0.5115  -1.0831
  -3.3834  -1.2614  -1.0322
  -3.0242  -2.0046  -0.9697
  -2.4630  -2.6977  -0.8719
  -1.5516  -3.3155  -0.8392
  -0.1742  -3.7292  -0.4087
   3.0287  -2.1523  -0.5468
   3.5265  -1.1814  -0.5222
   3.7006  -0.2227  -0.6001
   3.6385   0.6550  -0.6607
   3.4005   1.4312  -0.7018
   3.0297   2.0935  -0.7366
   2.5513   2.6496  -0.7581
   1.9907   3.0888  -0.7752
   1.3648   3.4087  -0.7888
   0.6987   3.6018  -0.8020
   0.0098   3.6706  -0.7941
  -0.6606   3.6031  -0.8279
  -1.2706   3.4259  -0.8679
  -1.6745   3.2752  -0.7570
  -2.2049   2.9283  -0.8173
  -2.7140   2.4698  -0.7992
  -3.1299   1.9197  -0.7893
  -3.4407   1.2882  -0.7789
  -3.6283   0.5991  -0.7623
  -3.6803  -0.1273  -0.7373
  -3.5805  -0.8842  -0.7088
  -3.3079  -1.6456  -0.6737
  -2.8430  -2.3731  -0.6241
  -2.1660  -3.0221  -0.5290
  -1.2888  -3.5001  -0.4388
   2.3189  -2.9465  -0.2117
   3.3533  -1.6723  -0.2506
   3.6820  -0.6881  -0.2707
   3.7342   0.2486  -0.3131
   3.5802   1.0821  -0.3396
   3.2690   1.8136  -0.3587
   2.8363   2.4330  -0.3746
   2.3054   2.9397  -0.3839
   1.7014   3.3249  -0.3930
   1.0457   3.5844  -0.4033
   0.3602   3.7159  -0.4077
  -0.3552   3.7168  -0.4038
  -1.0253   3.5848  -0.4496
  -1.9600   3.1802  -0.3862
  -2.5080   2.7648  -0.4125
  -2.9790   2.2519  -0.3986
  -3.3500   1.6509  -0.3955
  -3.6043   0.9811  -0.3883
  -3.7276   0.2599  -0.3762
  -3.7046  -0.4984  -0.3625
  -3.5178  -1.2684  -0.3470
  -3.1479  -2.0223  -0.3248
  -2.5702  -2.7241  -0.2787
  -1.7719  -3.2976  -0.3004
  -0.5243  -3.7183  -0.0590
   2.0898  -3.1112   0.2399
   3.2936  -1.7882   0.2420
   3.6796  -0.6920   0.2929
   3.7335   0.2422   0.3268
   3.5806   1.0781   0.3485
   3.2710   1.8092   0.3629
   2.8379   2.4313   0.3734
   2.3057   2.9398   0.3815
   1.7003   3.3259   0.3893
   1.0462   3.5856   0.3916
   0.3683   3.7186   0.3750
  -0.3388   3.7210   0.3787
  -1.0884   3.5742   0.3803
  -1.9708   3.1725   0.3940
  -2.5084   2.7657   0.4036
  -2.9801   2.2519   0.3899
  -3.3515   1.6500   0.3862
  -3.6054   0.9796   0.3814
  -3.7283   0.2579   0.3706
  -3.7048  -0.5003   0.3584
  -3.5154  -1.2747   0.3486
  -3.1465  -2.0239   0.3280
  -2.5629  -2.7285   0.3021
  -1.6345  -3.3758   0.1904
   0.1419  -3.7526   0.0455
   2.8946  -2.3560   0.4183
   3.5175  -1.2022   0.5351
   3.6970  -0.2345   0.6176
   3.6386   0.6446   0.6703
   3.4027   1.4224   0.7091
   3.0329   2.0889   0.7360
   2.5542   2.6480   0.7539
   1.9899   3.0901   0.7720
   1.3633   3.4105   0.7838
   0.7003   3.6044   0.7887
   0.0423   3.6768   0.7640
  -0.6882   3.6138   0.7559
  -1.2701   3.4390   0.8149
  -1.6802   3.2683   0.7742
  -2.2085   2.9255   0.8175
  -2.7160   2.4704   0.7903
  -3.1329   1.9190   0.7790
  -3.4429   1.2874   0.7703
  -3.6301   0.5954   0.7562
  -3.6812  -0.1323   0.7319
  -3.5803  -0.8883   0.7045
  -3.3020  -1.6553   0.6788
  -2.8370  -2.3786   0.6308
  -2.1274  -3.0457   0.5499
  -1.1218  -3.5588   0.4248
   2.5542  -2.7374   0.2951
   3.2835  -1.6817   0.7034
   3.5803  -0.7385   0.8603
   3.6270   0.1766   0.9582
   3.4719   0.9957   1.0291
   3.1659   1.7041   1.0849
   2.7491   2.3018   1.1171
   2.2403   2.7890   1.1432
   1.6503   3.1660   1.1649
   1.0162   3.4177   1.1795
   0.3626   3.5429   1.1917
  -0.2947   3.5735   1.1170
  -1.0157   3.4107   1.2000
  -1.8375   3.0487   1.1972
  -2.4096   2.6216   1.1938
  -2.8630   2.1272   1.1759
  -3.2180   1.5493   1.1612
  -3.4629   0.8969   1.1436
  -3.5789   0.1983   1.1209
  -3.5595  -0.5187   1.0793
  -3.3834  -1.2644   1.0285
  -3.0110  -2.0221   0.9743
  -2.4528  -2.7045   0.8795
  -1.6457  -3.3015   0.7041
  -0.4127  -3.7097   0.4143
   2.9543  -2.1473   0.8748
   3.3745  -1.2396   1.0864
   3.5387  -0.3260   1.2147
   3.4745   0.5334   1.3220
   3.2395   1.2768   1.4070
   2.8757   1.9150   1.4722
   2.4291   2.4342   1.5095
   1.8970   2.8574   1.5300
   1.2923   3.1614   1.5620
   0.6783   3.3366   1.5847
   0.0189   3.4096   1.5743
  -0.5838   3.3992   1.4862
  -1.1411   3.1995   1.6016
  -1.5827   3.0029   1.6068
  -2.0707   2.7022   1.5858
  -2.5491   2.2620   1.5779
  -2.9337   1.7503   1.5601
  -3.2273   1.1578   1.5325
  -3.4024   0.5020   1.5087
  -3.4476  -0.1859   1.4778
  -3.3660  -0.8842   1.4116
  -3.1135  -1.6240   1.3316
  -2.6279  -2.3668   1.2635
  -1.9799  -3.0040   1.0771
  -1.0268  -3.5056   0.8720
   2.6129  -2.5076   0.9943
   3.1066  -1.7501   1.1792
   3.3780  -0.8153   1.4244
   3.4185   0.0492   1.5542
   3.2581   0.8163   1.6800
   2.9595   1.4842   1.7727
   2.5479   2.0445   1.8527
   2.0748   2.5001   1.8837
   1.5358   2.8482   1.9061
   0.9270   3.0657   1.9612
   0.2934   3.2005   1.9430
  -0.4462   3.2117   1.8947
  -1.0310   3.0005   2.0096
  -1.6381   2.7110   2.0178
  -2.1707   2.3600   1.9551
  -2.5853   1.8962   1.9557
  -2.9237   1.3687   1.9190
  -3.1529   0.7789   1.8860
  -3.2631   0.1373   1.8541
  -3.2529  -0.5453   1.7959
  -3.1202  -1.2513   1.6742
  -2.7923  -1.9805   1.5443
  -2.2102  -2.6715   1.4432
  -1.3832  -3.2802   1.1963
  -0.4328  -3.6221   0.8931
   2.3104  -2.8608   0.7629
   3.1151  -1.3466   1.6083
   3.2616  -0.4147   1.8150
   3.1962   0.2646   1.9541
   2.9994   0.8775   2.0827
   2.7128   1.4224   2.1730
   2.3465   1.8818   2.2488
   1.8969   2.3103   2.2735
   1.3674   2.6412   2.2931
   0.8241   2.8025   2.3603
   0.2732   2.9292   2.3343
  -0.2742   2.9960   2.2479
  -0.9001   2.7718   2.3687
  -1.4402   2.4984   2.4059
  -1.9416   2.2074   2.3371
  -2.3553   1.7467   2.3464
  -2.6895   1.2457   2.3064
  -2.9179   0.6596   2.2705
  -3.0192   0.0267   2.2334
  -2.9988  -0.6068   2.1779
  -2.8922  -1.2064   2.0698
  -2.6617  -1.7862   1.9567
  -2.3107  -2.3144   1.8462
  -1.6644  -3.0048   1.5183
  -0.7573  -3.4449   1.2897
   2.5620  -2.3034   1.4950
   2.8500  -1.8754   1.5698
   3.0965  -0.9077   1.9215
   3.0085  -0.1629   2.2420
   2.8842   0.4412   2.3645
   2.6378   1.0110   2.4746
   2.2918   1.4854   2.5779
   1.8870   1.9388   2.6047
   1.3971   2.2943   2.6246
   0.8515   2.4427   2.7225
   0.2856   2.6034   2.6917
  -0.3513   2.6931   2.5938
  -0.8863   2.4409   2.7131
  -1.3543   2.1380   2.7747
  -1.8400   1.8851   2.6767
  -2.1939   1.4211   2.6966
  -2.5000   0.9457   2.6381
  -2.6860   0.3791   2.5973
  -2.7454  -0.2338   2.5520
  -2.6852  -0.8524   2.4834
  -2.5489  -1.4263   2.3607
  -2.2624  -1.9549   2.2725
  -1.8573  -2.6588   1.8935
  -1.2914  -2.9921   1.8666
   0.1637  -3.7033   0.6023
   1.8803  -3.1566   0.7778
   2.6747  -1.7211   1.9970
   2.7983  -1.2181   2.1886
   2.8502  -0.6235   2.3647
   2.6657   0.0823   2.6441
   2.4568   0.6479   2.7656
   2.1436   1.0852   2.8864
   1.7879   1.5501   2.9163
   1.3367   1.9258   2.9340
   0.8245   2.0191   3.0574
   0.3209   2.2148   3.0159
  -0.2094   1.9561   3.1991
  -0.7484   2.0885   3.0302
  -1.1689   1.7385   3.1170
  -1.6466   1.5587   2.9939
  -1.9370   1.0906   3.0271
  -2.2340   0.6581   2.9462
  -2.3838   0.0977   2.9004
  -2.3950  -0.4751   2.8535
  -2.2948  -1.0213   2.7920
  -2.1584  -1.5356   2.6622
  -1.8733  -2.2411   2.3606
  -1.4909  -2.5781   2.2880
  -0.8689  -3.2327   1.7026
  -0.2495  -3.4320   1.5045
   2.1911  -2.7470   1.3256
   2.3320  -2.1376   2.0240
   2.4237  -1.5292   2.4272
   2.5187  -0.9178   2.6302
   2.4938  -0.3583   2.7851
   2.2403   0.2592   3.0030
   1.9080   0.6320   3.1724
   1.6564   1.0966   3.1872
   1.2580   1.5063   3.2020
   0.7571   1.5078   3.3552
   0.3290   1.7545   3.3042
  -0.1232   1.5053   3.4385
  -0.6852   1.6189   3.3187
  -0.9543   1.1386   3.4492
  -1.3982   1.1898   3.2762
  -1.6119   0.7175   3.3153
  -1.9340   0.3307   3.2022
  -1.9957  -0.2077   3.1747
  -1.9379  -0.7339   3.1321
  -1.8145  -1.2354   3.0472
  -1.7642  -1.7989   2.7849
  -1.4233  -2.1601   2.7226
  -1.0230  -2.7932   2.2926
  -0.5839  -3.0501   2.1119
   0.0703  -3.5877   1.1079
   1.7391  -3.0714   1.2831
   2.0935  -2.5226   1.8324
   2.0907  -1.9521   2.4336
   2.1632  -1.2857   2.7878
   2.1359  -0.7180   3.0044
   2.0591  -0.1881   3.1351
   1.6668   0.1219   3.3632
   1.3932   0.5588   3.4425
   1.1594   1.0207   3.4232
   0.6487   0.9951   3.5627
   0.2062   1.1327   3.5747
  -0.1023   0.7115   3.6861
  -0.4401   1.1231   3.5566
  -0.6556   0.6520   3.6400
  -1.1744   0.5384   3.5263
  -1.1073  -0.1419   3.5858
  -1.5355   0.0737   3.4265
  -1.5233  -0.5136   3.3941
  -1.3575  -1.0473   3.3413
  -1.3895  -1.5764   3.1126
  -0.9897  -1.9375   3.0612
  -0.9800  -2.3982   2.7189
  -0.5567  -2.6712   2.5805
  -0.1321  -3.1952   1.9691
   0.5509  -3.5127   1.2091
   1.6147  -3.3778   0.2951
   1.7092  -2.8352   1.7732
   1.7256  -2.4500   2.2637
   1.7238  -1.8985   2.7438
   1.7416  -1.4336   3.0026
   1.7219  -0.9475   3.2002
   1.6294  -0.4372   3.3553
   1.1634  -0.4939   3.5365
   1.1439   0.0476   3.5768
   0.8211   0.5373   3.6251
   0.5937   0.0824   3.7074
   0.1974   0.3556   3.7335
  -0.2290   0.0412   3.7483
  -0.7238   0.1626   3.6816
  -0.5533  -0.4148   3.6913
  -1.0055  -0.6875   3.5525
  -0.6110  -1.0543   3.5524
  -0.9233  -1.4080   3.3570
  -0.5105  -1.7392   3.2892
  -0.0936  -2.8132   2.4862
  -0.4893  -2.2295   2.9823
  -0.0037  -2.4234   2.8690
   0.3203  -2.9831   2.2589
  -0.2317   2.3622   2.9105
   0.3153  -3.3165   1.7337
   0.6328  -3.6839   0.3639
   0.8215  -3.2854   1.6235
   0.8816  -3.5525   0.8407
   0.7892  -2.9948   2.1243
   1.1240  -3.5736   0.2644
   1.3805  -3.3917   0.8336
   1.2472  -3.2721   1.3573
   1.2691  -2.9780   1.9039
   1.1666  -2.6758   2.3629
   0.9106  -2.3620   2.7741
   1.3928  -2.2548   2.6609
   0.8741  -1.9251   3.1039
   1.3117  -1.6891   3.0871
   0.8693  -1.4265   3.3635
   1.2705  -1.0784   3.3656
   0.7817  -0.9101   3.5588
   0.6338  -0.4204   3.6777
   0.2966  -1.0305   3.5992
   0.1251  -0.3589   3.7363
  -0.1625  -0.7919   3.6675
  -0.1467  -1.3730   3.4925
  -0.0181  -1.9156   3.2302
   0.4217  -2.1513   3.0493
   0.3798  -1.5787   3.3864
   0.5026  -2.6290   2.6344
   3.0539  -2.1856  -0.0321
   3.5569  -1.2051   0.0193
   3.7501  -0.2028   0.0079
   3.6927   0.6840   0.0059
   3.4559   1.4700   0.0031
   3.0789   2.1504   0.0010
   2.5919   2.7178  -0.0009
   2.0178   3.1675  -0.0010
   1.3831   3.4916  -0.0037
   0.7118   3.6875  -0.0116
   0.0069   3.7555  -0.0183
  -0.6993   3.6899  -0.0007
  -1.2974   3.5237  -0.0673
  -1.6990   3.3492   0.0239
  -2.2690   2.9926  -0.0060
  -2.7687   2.5374  -0.0040
  -3.1948   1.9742  -0.0044
  -3.5105   1.3343  -0.0041
  -3.7016   0.6343  -0.0030
  -3.7539  -0.1126  -0.0026
  -3.6497  -0.8854   0.0001
  -3.3731  -1.6511   0.0002
  -2.9019  -2.3839   0.0048
  -2.1764  -3.0605   0.0327
  -1.0255  -3.6127  -0.0318
  -4.1301   1.1705   0.5920
  -4.2821   0.4844   0.4549
  -4.2186  -0.4368   0.8890
  -4.0018  -1.4650   0.7855
  -3.4917  -2.3694   0.9859
  -2.8406  -3.1465   0.8988
  -1.9908  -3.7537   0.8511
  -1.0133  -4.1439   0.7608
   0.2272  -3.0067  -3.1122
   1.1269  -3.7534  -1.8493
   2.0817  -3.5531  -1.3490
   0.8823  -2.3264  -3.5478
   1.4469  -3.1585  -2.5900
   1.7483  -3.5118  -1.8407
   1.9140  -3.2141  -2.1873
   2.3509  -3.2385  -1.6623
   1.9851  -2.8691  -2.5700
   2.4270  -2.9262  -2.0796
   2.4260  -2.5992  -2.4771
   2.4872  -2.1579  -2.8169
   4.1434  -0.9942   0.7884
   4.2424   0.0456   0.8817
   4.0981   1.0812   0.9025
   3.6921   2.0372   0.9979
   3.1182   2.9043   0.7876
   2.3085   3.5578   0.8893
   1.5366   4.0260   0.4555
   0.8499   4.2101   0.5748
  -4.3114   0.4229  -0.1057
  -4.2854  -0.6051  -0.2173
  -4.0133  -1.6020  -0.3230
  -3.5521  -2.4695  -0.2485
  -2.9203  -3.1931  -0.2316
  -2.1060  -3.7803  -0.2273
  -1.1106  -4.1886  -0.0194
   0.3307  -4.3204   0.0531
   0.4093  -1.9062  -3.8699
   0.4559  -1.2494  -4.1242
   0.0365  -1.5060  -4.0631
  -0.3554  -1.8755  -3.8903
  -0.1341  -2.6166  -3.4515
   0.0218  -2.2000  -3.7332
   0.4225  -2.5192  -3.5004
   0.6943  -2.9113  -3.1337
   1.1314  -2.7288  -3.1704
   0.9439  -3.2389  -2.7196
   1.2627  -3.4842  -2.2457
   1.5465  -3.7823  -1.4422
   3.6844  -2.2800   0.0666
   4.2352  -0.9169   0.0087
   4.3257   0.1529  -0.2066
   4.1746   1.1416  -0.2168
   3.8130   2.0453  -0.2361
   3.2482   2.8508  -0.3156
   2.5007   3.5331  -0.2041
   1.5890   4.0292  -0.1357
   0.8602  -1.7293  -3.8791
   1.5742  -2.7788  -2.9288
   1.5078  -2.3387  -3.3219
   1.2463  -1.9615  -3.6575
   2.0021  -2.4373  -2.9713
   1.0047  -1.2567  -4.0236
   2.0885  -1.9872  -3.2353
   1.7218  -1.8169  -3.5372
   2.0546  -1.3923  -3.5522
   1.5046  -1.3872  -3.8196
   1.8823  -0.9099  -3.7957
   1.3794  -0.8485  -4.0193
   1.7099  -0.3752  -3.9640
   1.1475  -0.3661  -4.1626
   1.4553   0.1176  -4.0800
   0.8673   0.0930  -4.2446
   1.1217   0.5605  -4.1479
   0.3924   0.3615  -4.3004
   0.6727   0.8205  -4.2014
   0.0365   0.7824  -4.2620
   0.0115   0.0121  -4.3333
  -0.3715   0.4053  -4.2983
  -0.7100   0.0001  -4.2748
  -0.2825  -0.3922  -4.3063
   0.2001  -0.7519  -4.2629
  -0.2819  -0.9382  -4.2212
   0.4851  -0.2901  -4.2963
   0.7753  -0.7703  -4.1932
   2.7926  -2.8390  -1.7085
   2.8214  -2.2858  -2.3648
   2.4947  -1.6755  -3.1220
   2.4839  -1.1650  -3.3542
   2.3300  -0.7115  -3.5836
   2.1745  -0.2240  -3.7416
   1.9472   0.2481  -3.8632
   1.6451   0.6990  -3.9475
   1.2345   1.0805  -4.0108
   0.8770   1.4709  -3.9806
   0.4046   1.2413  -4.1320
   0.2606   1.7197  -3.9689
  -0.1606   1.2975  -4.1314
  -0.6956   1.4638  -4.0189
  -0.5624   0.9036  -4.2006
  -1.0879   1.0603  -4.0583
  -1.0124   0.5392  -4.1788
  -1.6296   0.4035  -3.9949
  -1.2325   0.0554  -4.1540
  -1.2967  -0.4693  -4.1081
  -0.7855  -0.5779  -4.2222
  -1.4445  -0.9695  -3.9688
  -0.9517  -1.0860  -4.0857
  -0.4980  -1.3695  -4.0810
  -0.9058  -1.6732  -3.8933
  -0.6508  -2.2414  -3.6511
  -1.7369  -1.8964  -3.4878
  -2.8144   3.1473  -0.9754
   2.9126  -1.7777  -2.6710
   2.8805  -1.3267  -2.9530
   2.8474  -0.7803  -3.1720
   2.6654  -0.3047  -3.4030
   2.4785   0.2209  -3.5477
   2.2235   0.6943  -3.6540
   1.9091   1.1246  -3.7240
   1.5299   1.4798  -3.7745
   1.1741   1.8738  -3.7267
   0.6629   2.0129  -3.7797
   0.1352   2.2256  -3.7157
  -0.2738   1.8240  -3.9212
  -0.5288   2.2144  -3.6871
  -0.9452   1.9121  -3.7720
  -1.2933   1.5212  -3.8459
  -1.7757   1.3647  -3.7098
  -1.5788   0.9094  -3.9317
  -2.0763   0.7613  -3.7266
  -2.1296   0.1720  -3.7700
  -1.7587  -0.1560  -3.9573
  -1.8764  -0.6697  -3.8482
  -1.8894  -1.2244  -3.7026
  -1.4271  -1.5031  -3.8055
  -1.2192  -2.0170  -3.6363
  -1.1736  -2.4556  -3.3720
  -0.6812  -2.6815  -3.3351
  -0.2895  -3.0301  -3.0842
   0.4750  -3.4004  -2.6437
   3.0489  -2.3850  -1.9479
   3.2111  -1.0272  -2.7224
   3.1570  -0.3962  -2.9418
   2.9626   0.0613  -3.1618
   2.7855   0.5669  -3.2707
   2.5002   1.0539  -3.3788
   2.1403   1.5214  -3.4471
   1.7294   1.9176  -3.4799
   1.2719   2.3062  -3.4412
   0.7471   2.4617  -3.4870
   0.2901   2.6873  -3.3871
  -0.2175   2.5943  -3.4641
  -0.7715   2.6124  -3.3702
  -1.1965   2.3189  -3.4596
  -1.5449   1.9448  -3.5509
  -2.0177   1.8261  -3.3722
  -2.2267   1.3184  -3.4759
  -2.5480   0.9485  -3.3743
  -2.5279   0.4529  -3.4903
  -2.5871  -0.0822  -3.4753
  -2.2911  -0.4545  -3.6499
  -2.3498  -0.9995  -3.5011
  -2.1546  -1.5734  -3.4147
  -1.6905  -2.3796  -3.2027
  -1.2635  -2.8534  -3.0066
  -0.7825  -3.0873  -2.9384
  -0.0319  -3.3700  -2.7240
   0.6474  -3.6674  -2.2156
   3.2192  -1.8238  -2.2557
   3.3915  -1.3406  -2.3406
   3.4552  -0.5867  -2.5485
   3.2696   0.2852  -2.8295
   2.9968   0.9253  -2.9901
   2.6297   1.4774  -3.1112
   2.2092   1.9856  -3.1551
   1.7498   2.3849  -3.1667
   1.1885   2.7367  -3.1425
   0.7077   2.9551  -3.0894
   0.1633   3.0867  -3.0370
  -0.3618   2.9935  -3.1123
  -0.9196   2.9747  -3.0139
  -1.3867   2.6928  -3.0990
  -1.7849   2.3556  -3.1691
  -2.2703   2.1462  -3.0029
  -2.5183   1.6568  -3.1130
  -2.8418   1.2361  -3.0289
  -2.9743   0.6783  -3.0775
  -2.9508   0.1656  -3.1691
  -2.7616  -0.5840  -3.2879
  -2.7295  -1.1379  -3.1674
  -2.5254  -1.6821  -3.0936
  -2.1589  -2.1299  -3.0953
  -1.7508  -2.7833  -2.8224
  -1.1084  -3.2992  -2.5816
  -0.5180  -3.4597  -2.5573
  -0.0025  -3.6830  -2.2833
   3.4584  -2.3958  -1.0381
   3.6487  -1.4361  -1.8445
   3.7807  -0.3649  -2.0858
   3.6620   0.4233  -2.2777
   3.4120   1.2189  -2.3770
   3.0448   1.8456  -2.4700
   2.6012   2.3652  -2.5332
   1.9707   2.9457  -2.4934
   1.2239   3.1261  -2.7399
   0.6825   3.3258  -2.6928
   0.1182   3.4223  -2.6555
  -0.4434   3.3424  -2.7220
  -1.0257   3.2813  -2.6379
  -1.5437   3.0029  -2.7161
  -2.0138   2.6647  -2.7608
  -2.5126   2.3672  -2.6193
  -2.8262   1.8495  -2.7147
  -3.1487   1.3699  -2.6433
  -3.2890   0.8269  -2.6975
  -3.3351   0.1799  -2.7609
  -3.4445  -0.4411  -2.5920
  -3.2940  -1.2364  -2.5295
  -3.0710  -1.8526  -2.4320
  -2.6077  -2.5124  -2.3802
  -2.0879  -2.9998  -2.3281
  -1.3496  -3.5464  -2.0927
  -0.3920  -3.8707  -1.9084
   0.5286  -4.1345  -1.1851
   3.6472  -1.9009  -1.3647
   3.8962  -0.8994  -1.6698
   3.8965   0.1103  -1.8929
   3.7124   0.9137  -2.0400
   3.3962   1.6841  -2.0994
   2.9785   2.2888  -2.1605
   2.4072   2.7903  -2.2798
   1.8001   3.2971  -2.1601
   1.2495   3.4157  -2.3557
   0.6753   3.6268  -2.2733
   0.0548   3.6995  -2.2558
  -0.5564   3.6219  -2.3130
  -1.1729   3.5181  -2.2416
  -1.7015   3.2532  -2.3020
  -2.1328   2.9571  -2.3418
  -2.5680   2.6991  -2.2131
  -2.9473   2.1772  -2.3132
  -3.3012   1.6568  -2.2660
  -3.5441   1.0446  -2.2640
  -3.5755   0.4684  -2.4030
  -3.6872  -0.1063  -2.2739
  -3.5763  -0.8488  -2.2950
  -3.4719  -1.4977  -2.1168
  -3.0078  -2.2806  -2.1284
  -2.5030  -2.9008  -2.0244
  -1.8538  -3.3997  -1.9451
  -0.9840  -3.8605  -1.7046
  -0.0356  -4.0980  -1.4081
   3.2402  -2.7911  -0.6992
   3.8783  -1.3858  -1.3476
   4.0248  -0.3820  -1.5598
   3.9548   0.5957  -1.6681
   3.7028   1.3932  -1.7681
   3.3146   2.1395  -1.7928
   2.7830   2.7201  -1.9063
   2.3206   3.1357  -1.8867
   1.4070   3.6175  -1.9267
   0.9262   3.8119  -1.8410
   0.3120   3.8998  -1.8633
  -0.3782   3.8743  -1.9039
  -0.9918   3.7824  -1.8675
  -1.6494   3.5281  -1.9000
  -2.2830   3.1575  -1.8963
  -2.9102   2.6034  -1.8791
  -3.2810   2.0750  -1.9254
  -3.6250   1.4367  -1.8902
  -3.8388   0.8258  -1.8328
  -3.8363   0.3307  -1.9878
  -3.8443  -0.4866  -1.9397
  -3.7758  -1.0468  -1.8508
  -3.3667  -1.9815  -1.8753
  -2.9253  -2.6670  -1.7629
  -2.2998  -3.2629  -1.6858
  -1.5016  -3.7478  -1.5737
  -0.5677  -4.0638  -1.3934
   0.9129  -4.1637  -0.7795
   3.7677  -1.9538  -0.8745
   4.0862  -0.8864  -1.1380
   4.1178   0.1361  -1.3428
   3.9536   1.0763  -1.4103
   3.6282   1.8564  -1.4724
   3.1414   2.5824  -1.4969
   2.7735   2.9960  -1.4524
   2.0725   3.4537  -1.5983
   1.6551   3.7128  -1.5011
   0.6431   4.0318  -1.4520
  -0.0729   4.0616  -1.5085
  -0.7134   4.0108  -1.4774
  -1.3604   3.8345  -1.4913
  -1.9386   3.5677  -1.5138
  -2.4484   3.2734  -1.4380
  -2.8266   2.9251  -1.4938
  -3.2616   2.4189  -1.5130
  -3.5964   1.8518  -1.5539
  -3.8975   1.1854  -1.4772
  -4.0288   0.1388  -1.5898
  -4.0503  -0.3592  -1.4981
  -3.9123  -1.2408  -1.3899
  -3.6773  -1.6447  -1.5970
  -3.3037  -2.3712  -1.4970
  -2.7403  -3.0418  -1.4197
  -1.9888  -3.6002  -1.3642
  -1.0743  -4.0357  -1.1562
   0.0729  -4.2364  -0.9086
   3.5691  -2.4139  -0.4610
   4.0054  -1.4282  -0.8335
   4.1952  -0.3562  -1.0253
   4.1442   0.6416  -1.0919
   3.8891   1.5451  -1.1248
   3.4751   2.3061  -1.1761
   2.4470   3.3555  -1.2371
   1.9497   3.7230  -1.0563
   1.2472   3.9356  -1.3165
   0.9076   4.1245  -0.9709
   0.2512   4.1819  -1.1074
  -0.4128   4.1783  -1.0720
  -1.0667   4.0635  -1.0619
  -1.6719   3.8540  -1.0627
  -2.2180   3.5669  -1.0657
  -3.2032   2.7098  -1.0836
  -3.5754   2.1753  -1.1234
  -3.8583   1.6010  -1.1524
  -4.0987   0.9799  -1.0090
  -4.0949   0.5599  -1.3024
  -4.2003  -0.0246  -1.0651
  -4.0788  -0.7679  -1.2456
  -3.6244  -2.0397  -1.2171
  -3.1416  -2.7558  -1.1461
  -2.4505  -3.3997  -1.1021
  -1.5928  -3.8940  -1.0379
  -0.5228  -4.2116  -0.8758
   0.4951  -4.2778  -0.4831
   3.8657  -1.9206  -0.3812
   4.2011  -0.8783  -0.5973
   4.2597   0.1666  -0.7776
   4.1043   1.1270  -0.8138
   3.7535   2.0005  -0.8288
   3.2219   2.7455  -0.9270
   2.8653   3.1193  -0.9152
   2.4147   3.5222  -0.7355
   1.4986   3.9887  -0.7890
   0.5012   4.2564  -0.6398
  -0.1159   4.2802  -0.6667
  -0.7884   4.2125  -0.6410
  -1.4373   4.0397  -0.6265
  -2.0264   3.7799  -0.6195
  -2.5478   3.4427  -0.6587
  -3.1599   2.9061  -0.5896
  -3.5391   2.4103  -0.6655
  -3.8371   1.8922  -0.6886
  -4.0526   1.3795  -0.6719
  -4.2451   0.4736  -0.7295
  -4.2279  -0.5566  -0.7699
  -4.0828  -1.1737  -0.8549
  -3.8897  -1.6598  -0.9452
  -3.4872  -2.4266  -0.8537
  -2.8718  -3.1373  -0.8292
  -2.0845  -3.7154  -0.7925
  -1.1199  -4.1393  -0.6244
  -0.0740  -4.3123  -0.4196
   3.2946  -2.8119  -0.1293
   4.1040  -1.3552  -0.3135
   4.2909  -0.3556  -0.4895
   4.2525   0.6633  -0.5043
   3.9956   1.5939  -0.5219
   3.5313   2.4469  -0.5661
   2.8780   3.2144  -0.4032
   1.9676   3.8245  -0.5286
   1.1158   4.1631  -0.4489
   0.6580   4.2811  -0.1311
   0.0800   4.3283  -0.1932
  -0.5337   4.2951  -0.2115
  -1.2013   4.1585  -0.2044
  -1.8401   3.9190  -0.1818
  -2.4259   3.5858  -0.1873
  -2.9069   3.2034  -0.2564
  -3.4430   2.6217  -0.2252
  -3.8138   2.0457  -0.2184
  -4.0759   1.4620  -0.1661
  -4.2183   0.9066  -0.4027
  -4.2996  -0.0367  -0.5386
  -4.1778  -1.0905  -0.3664
  -3.7783  -2.0437  -0.5704
  -3.2384  -2.8280  -0.5410
  -2.5286  -3.4807  -0.5180
  -1.6294  -3.9836  -0.5042
  -0.6616  -4.2682  -0.3495
   0.9652  -4.2212  -0.1664
   3.4332  -2.6136   0.3999
   4.1183  -1.2972   0.3672
   4.3184   0.0680   0.3534
   4.1685   1.1290   0.3562
   3.7984   2.0520   0.3733
   3.2777   2.8209   0.2780
   2.5239   3.5056   0.3438
   2.0272   3.7965   0.5047
   1.1248   4.1827   0.1316
   0.3503   4.3083   0.3062
  -0.2520   4.3192   0.2429
  -0.9019   4.2337   0.2001
  -1.5352   4.0457   0.2306
  -2.1100   3.7759   0.2614
  -2.6232   3.4391   0.2631
  -3.0893   3.0327   0.1931
  -3.4538   2.6050   0.2510
  -3.7559   2.1458   0.2570
  -3.9999   1.6417   0.2885
  -4.2240   0.9580   0.1343
  -4.3043  -0.0752   0.4953
  -4.2712  -0.6482   0.3390
  -4.0014  -1.6409   0.2715
  -3.5563  -2.4491   0.3637
  -2.9063  -3.1956   0.3451
  -2.0342  -3.8121   0.3279
  -0.7241  -4.2590   0.3381
   0.7787  -4.2479   0.3561
   3.5798  -2.3051   0.8061
   3.9516  -1.5477   0.8758
   4.1692  -0.4514   1.0916
   4.1395   0.5341   1.1648
   3.8761   1.5298   1.1889
   3.3059   2.5625   1.1326
   2.5226   3.2676   1.3181
   1.7248   3.8483   0.9967
   1.2235   4.0501   0.9369
   0.2722   4.2470   0.8167
  -0.2941   4.2608   0.7325
  -0.8152   4.2002   0.6864
  -1.3319   4.0619   0.7102
  -1.8403   3.8532   0.7374
  -2.3739   3.5501   0.7342
  -2.8721   3.1745   0.6718
  -3.2985   2.7198   0.7072
  -3.6472   2.2161   0.7511
  -3.9103   1.6850   0.8049
  -4.1623   0.7637   0.9325
  -4.2165   0.2060   0.9780
  -4.0559  -0.7526   1.3270
  -3.7804  -1.7836   1.1424
  -3.1304  -2.7453   1.2008
  -2.3997  -3.4189   1.1533
  -1.5015  -3.9219   1.0687
  -0.4440  -4.2264   0.8474
   0.4626  -4.2381   0.7761
   3.1265  -2.8816   0.8361
   4.0158  -0.9694   1.3083
   4.0838   0.0249   1.4489
   3.9667   0.9780   1.4446
   3.6017   1.8023   1.5993
   3.3942   2.2410   1.4951
   2.9165   2.8953   1.3742
   2.0170   3.5902   1.3490
   1.2809   3.8777   1.4493
   0.6789   4.1315   1.1170
  -0.1442   4.1616   1.1993
  -0.8227   4.0879   1.1792
  -1.3928   3.9209   1.2100
  -2.0485   3.6330   1.1760
  -2.5826   3.2754   1.1746
  -2.9973   2.9181   1.1306
  -3.3360   2.4957   1.1918
  -3.6688   1.9577   1.2187
  -3.9783   1.2755   1.1508
  -4.0521   0.5844   1.4200
  -4.1135  -0.1501   1.3543
  -3.9208  -1.2547   1.3531
  -3.5154  -2.0604   1.4747
  -3.2040  -2.4171   1.6339
  -2.7200  -3.0398   1.4624
  -1.9045  -3.6362   1.3889
  -0.9630  -4.0251   1.2842
   1.1096  -4.1008   0.8542
   3.6549  -1.9725   1.2363
   3.8316  -1.4711   1.3901
   3.9807  -0.5177   1.6321
   3.9441   0.4935   1.7258
   3.7362   1.3203   1.7537
   3.0269   2.5347   1.7863
   2.5313   3.0128   1.8147
   2.1114   3.3189   1.8179
   1.6402   3.6227   1.7216
   0.7567   3.9633   1.5804
   0.2004   4.0487   1.5315
  -0.4908   4.0079   1.5727
  -1.0266   3.8640   1.6714
  -1.6903   3.6758   1.5522
  -2.2914   3.3205   1.5816
  -2.8606   2.8400   1.5903
  -3.3616   2.2222   1.5936
  -3.7160   1.5845   1.5680
  -3.8838   1.0353   1.6193
  -3.9623   0.1889   1.7443
  -3.9223  -0.4341   1.7903
  -3.7961  -0.9343   1.8693
  -3.6624  -1.5558   1.7158
  -2.8505  -2.6765   1.8677
  -2.2449  -3.2983   1.6909
  -1.3566  -3.7879   1.6091
  -0.4268  -4.0894   1.3683
   0.0804  -4.1738   1.1623
   3.3087  -2.5180   1.2207
   3.7751  -1.0961   1.8235
   3.8511  -0.1009   1.9841
   3.6896   0.9157   2.0800
   3.4418   1.5331   2.1405
   3.2211   2.0752   2.0238
   2.6766   2.6464   2.1471
   1.8720   3.1877   2.2610
   1.3326   3.5488   2.0995
   0.8418   3.7486   2.0043
   0.2230   3.8464   1.9832
  -0.3517   3.8318   1.9929
  -1.3580   3.6051   1.9841
  -1.8862   3.3739   1.9587
  -2.3820   3.0274   1.9846
  -2.7743   2.6438   2.0227
  -3.1165   2.2488   2.0021
  -3.4430   1.7359   1.9775
  -3.6366   1.1559   2.0535
  -3.7729   0.5910   2.0478
  -3.7465  -0.0779   2.1760
  -3.5300  -1.2944   2.1543
  -3.3301  -1.9201   2.0003
  -2.9736  -2.2134   2.2441
  -2.4334  -2.9407   2.0515
  -1.7152  -3.4940   1.9047
  -0.7844  -3.8582   1.8102
   0.7285  -4.0874   1.2411
   3.3382  -2.2172   1.6488
   3.5654  -1.6848   1.7963
   3.7184  -0.6409   2.1308
   3.7142   0.3564   2.2035
   3.2396   1.3157   2.5596
   3.0511   1.8467   2.4613
   2.7307   2.2811   2.4734
   2.2500   2.8356   2.3821
   1.4074   3.2438   2.5049
   0.8198   3.4835   2.4435
   0.2839   3.5968   2.4001
  -0.2934   3.5790   2.4253
  -0.8253   3.6224   2.2305
  -1.8149   3.1225   2.3945
  -2.2725   2.7761   2.4304
  -2.6832   2.3595   2.4517
  -3.0641   1.9070   2.3984
  -3.3072   1.4143   2.4166
  -3.4496   0.8558   2.4790
  -3.5502   0.2882   2.4679
  -3.6105  -0.5288   2.3372
  -3.3950  -0.9466   2.5210
  -3.1893  -1.6268   2.4412
  -2.5871  -2.5183   2.3964
  -1.9735  -3.1382   2.2437
  -1.1514  -3.5928   2.1316
  -0.2189  -3.9287   1.8153
   0.3153  -4.0066   1.6203
   2.9293  -2.8992   1.3384
   3.4804  -1.1947   2.2885
   3.5282  -0.2656   2.5018
   3.4329   0.2358   2.6338
   3.4271   0.8118   2.5246
   2.7216   1.7913   2.8569
   2.3425   2.3126   2.8182
   1.9455   2.6994   2.7760
   1.4713   2.9101   2.8539
   0.8797   3.1737   2.8163
   0.2259   3.3077   2.7904
  -0.3950   3.2867   2.7963
  -0.9069   3.1931   2.7856
  -1.4634   2.9791   2.7859
  -1.9365   2.6627   2.8175
  -2.3591   2.2691   2.8396
  -2.7655   1.8257   2.7922
  -3.0368   1.2686   2.8189
  -3.1841   0.6552   2.8653
  -3.2929   0.0584   2.8162
  -3.2757  -0.4712   2.7974
  -3.0812  -1.2213   2.7915
  -2.8143  -1.8791   2.7067
  -2.3981  -2.2479   2.8238
  -2.1270  -2.7399   2.5974
  -1.4901  -3.2735   2.4169
  -0.6167  -3.6167   2.3058
   1.3481  -3.9029   1.3145
   3.1055  -2.1529   2.1210
   3.3007  -1.6945   2.2387
   3.3771  -0.7801   2.6009
   3.1350  -0.0241   2.9915
   3.1251   0.6424   2.9324
   2.9423   1.2083   2.9429
   2.2418   1.9064   3.1808
   1.8501   2.3007   3.1720
   1.3590   2.5742   3.2100
   0.8457   2.8351   3.1662
   0.2797   2.9767   3.1367
  -0.2829   2.9510   3.1606
  -0.8018   2.8166   3.1940
  -1.3043   2.6661   3.1573
  -1.7452   2.3503   3.1950
  -2.1448   1.9756   3.2054
  -2.5300   1.5755   3.1456
  -2.7595   1.0384   3.1756
  -2.8619   0.4733   3.2192
  -2.9505  -0.0825   3.1726
  -2.9279  -0.7191   3.1126
  -2.7303  -1.3170   3.0966
  -2.4277  -1.7962   3.1077
  -1.9276  -2.4080   3.0436
  -1.6529  -2.8699   2.7945
  -1.0469  -3.2439   2.6756
  -0.0266  -3.7198   2.2227
   0.5025  -3.7767   2.0643
   2.9119  -2.6467   1.8149
   3.0444  -1.5680   2.6554
   3.0435  -1.1062   2.8794
   3.0918  -0.5300   2.9895
   2.8290   0.3412   3.2647
   2.6772   0.8954   3.2877
   2.1963   1.1814   3.5438
   1.8676   1.7336   3.5049
   1.4275   2.1060   3.5078
   0.9069   2.3890   3.4997
   0.3867   2.5813   3.4591
  -0.1419   2.5595   3.4938
  -0.6264   2.3986   3.5541
  -1.1130   2.2838   3.5105
  -1.5217   1.9840   3.5392
  -1.8906   1.6305   3.5419
  -2.2558   1.2742   3.4736
  -2.4121   0.7690   3.5168
  -2.4864   0.2244   3.5420
  -2.5853  -0.3064   3.4641
  -2.5024  -0.8177   3.4419
  -2.3219  -1.3293   3.4088
  -1.9580  -1.9386   3.3445
  -1.4811  -2.3842   3.3015
  -1.2032  -2.8591   3.0258
  -0.5669  -3.2820   2.7721
  -0.0848  -3.4390   2.6351
   0.9384  -3.8710   1.7067
   2.7253  -2.4473   2.3155
   2.7441  -1.9951   2.6958
   2.6337  -1.1093   3.2575
   2.6996  -0.6048   3.3353
   2.6360  -0.0989   3.4379
   2.3831   0.5712   3.5738
   1.9189   0.7315   3.8158
   1.7205   1.2577   3.7730
   1.3459   1.6222   3.7861
   0.9001   1.9211   3.7785
   0.4384   1.6551   3.9807
   0.3739   2.1381   3.7505
  -0.1424   2.0736   3.8023
  -1.1162   1.7072   3.8233
  -1.1130   1.0784   4.0467
  -1.5096   1.3526   3.8301
  -1.8813   0.9816   3.7782
  -2.0353   0.4432   3.7999
  -1.6991   0.0758   3.9856
  -2.1377  -0.1987   3.7641
  -2.0596  -0.7822   3.7315
  -1.8985  -1.3928   3.6378
  -1.5347  -1.7703   3.6454
  -1.1464  -2.1142   3.6047
  -0.8878  -2.6415   3.3185
  -0.4580  -2.9529   3.1383
   0.1121  -3.1357   2.9887
   0.4997  -3.4840   2.5278
  -4.1475  -0.9817   0.7824
  -3.7758  -2.0285   0.6378
  -3.2410  -2.8027   0.6472
  -2.4689  -3.5093   0.6063
  -1.4805  -4.0385   0.5255
  -0.0117  -4.3009   0.5293
   1.3319  -4.1053   0.3880
   1.8476  -3.9063   0.3247
   1.3713   0.9311   4.0038
   0.9388   1.3413   4.0121
  -0.6437   1.9046   3.8387
   0.3478  -0.6147   4.2754
   0.3512   0.5855   4.2792
  -0.1339   1.0274   4.2077
  -0.6471   1.3801   4.0564
  -0.6024   0.8155   4.2131
  -1.0181   0.5088   4.1812
  -1.5098   0.6439   4.0104
  -1.2005   0.0238   4.1637
  -1.1624  -0.4946   4.1451
   2.5969  -3.4457   0.4016
   3.0557  -3.0509   0.3636
   3.8348  -1.9446   0.5390
   4.2661  -0.5295   0.5459
   4.2482   0.5890   0.6194
   3.9705   1.6092   0.6510
   3.5241   2.4396   0.6379
   2.7611   3.2463   0.7845
  -4.3319  -0.1110  -0.0142
  -4.1716  -1.1592   0.1786
  -3.8105  -2.0634   0.0149
  -3.2665  -2.8467   0.0631
  -2.5202  -3.5246   0.0590
  -1.6082  -4.0238   0.0189
  -0.2779  -4.3239   0.0667
   1.4983  -4.0642  -0.1234
   0.8243  -0.4138   4.2340
   1.1582  -0.8193   4.0945
   1.6952  -1.2005   3.8030
   1.6631  -0.7147   3.9371
   1.8287  -0.2359   3.9215
   1.6857   0.2907   3.9814
   1.3121  -0.1939   4.1254
   1.2136   0.4225   4.1384
   0.8001   0.1539   4.2560
   0.8229   0.8199   4.1747
   0.3694   1.1612   4.1585
  -0.1188   1.5725   4.0362
   2.8658  -3.2497  -0.0670
   3.9753  -1.7226   0.0868
   4.3147  -0.3993   0.0363
   4.2860   0.6345   0.0745
   4.0214   1.6126   0.0727
   3.5684   2.4584   0.0202
   2.9291   3.1893   0.1630
   2.0755   3.8040  -0.0065
   0.3175   0.0002   4.3217
  -0.1525   0.4324   4.3090
  -0.6079   0.1469   4.2880
  -0.1441  -0.2015   4.3262
  -0.6602  -0.4076   4.2633
  -0.1728  -0.7583   4.2630
  -0.6198  -1.0109   4.1679
   0.1286  -1.2036   4.1608
  -0.3771  -1.4586   4.0630
   0.1503  -1.7253   3.9722
  -0.1895  -2.0639   3.8055
   0.2574  -2.3220   3.6496
   1.7346  -3.3399   2.1480
   0.6520  -1.6239   3.9643
   0.7703  -2.6814   3.3158
   1.2109  -3.2851   2.5534
   0.7098  -2.1472   3.6964
   1.1843  -2.3967   3.4104
   2.1295  -2.8143   2.5145
   1.1397  -2.9320   2.9803
   1.6923  -3.0484   2.5731
   1.5756  -2.6960   3.0045
   1.1504  -1.8753   3.7333
   1.6452  -2.1465   3.3858
   1.9663  -2.4023   3.0233
   1.6475  -1.6925   3.6331
   1.1633  -1.3551   3.9482
   0.6629  -1.0796   4.1440
  -1.6632  -0.4924   3.9710
  -1.1069  -1.0093   4.0662
  -1.5826  -1.0785   3.8872
  -1.1193  -1.5094   3.9047
  -0.7065  -1.8149   3.8710
  -0.6306  -2.3103   3.6115
  -0.2033  -2.6112   3.4523
   0.2836  -2.7850   3.3077
   0.6790  -3.1604   2.8859
   1.0122  -3.5849   2.2140
   1.7084  -3.8813   0.8912
   1.4444  -3.6450   1.8453
   1.8387  -3.6460   1.4504
   2.1930  -3.6687   0.7137
   2.2701  -3.4845   1.2178
   2.1316  -3.2909   1.8451
   2.6893  -3.2722   0.9155
   2.4447  -2.8958   2.1013
   2.5451  -3.1390   1.5643
   2.3848  -2.3822   2.7232
   2.2163  -1.9582   3.1672
   2.6097  -1.5935   3.0705
   2.1371  -1.5155   3.4517
   2.1916  -1.0023   3.6014
   2.2470  -0.4926   3.6723
   2.2007   0.1132   3.7312
   2.5077   1.4464   3.2245
  -1.2668   3.3556   2.4317
  -3.1244  -0.3048  -2.9872
  -3.1263  -0.8609  -2.8746
  -2.9353  -1.5073  -2.8089
  -2.6284  -2.0952  -2.7348
  -2.2043  -2.5538  -2.7197
  -1.6049  -3.1791  -2.4689
  -0.8115  -3.6523  -2.1864
   0.1895  -3.9120  -1.8542
   0.6705  -3.9419  -1.6702
   1.1133  -3.9925  -1.2642
   1.4001  -4.0465  -0.6655
   1.9409  -3.8563  -0.3739
   1.7805  -3.8367  -0.9419
   2.2598  -3.6971   0.0489
   2.2738  -3.5966  -0.8198
   2.5160  -3.5071  -0.3846
   2.6004  -3.2746  -1.1369
   2.8889  -3.1700  -0.6192
   2.9815  -2.9130  -1.1844
   3.2256  -2.4894  -1.4753
   3.4145  -1.9726  -1.7966
   3.6550  -0.9004  -2.1466
   3.5337  -0.0538  -2.5076
   3.3672   0.7501  -2.6224
   3.0471   1.3892  -2.7500
   2.6449   1.9322  -2.8371
   2.1700   2.4627  -2.8291
   1.6496   2.8253  -2.8415
  -4.1494   2.2161   1.4109
  -4.4219   1.5521   1.4687
  -4.5629   0.9031   1.5760
  -4.5617  -0.0685   1.8181
  -4.4811  -0.7507   1.8642
  -4.4079  -1.3560   1.6883
  -4.0282  -2.2613   1.6670
  -3.5233  -3.0869   1.4753
  -2.8617  -3.4415   2.0213
  -2.1603  -3.9788   1.9029
  -1.3159  -4.3235   1.9223
  -0.4389  -4.4942   1.9311
   0.5796  -4.5031   1.8721
   2.5459  -3.2849  -2.6166
   2.6254  -2.8798  -2.9888
   3.0690  -2.4206  -2.9733
   3.4354  -2.5961  -2.3616
   3.4378  -2.1615  -2.7620
   3.6442  -1.6824  -2.8299
   3.6019  -1.1639  -3.1290
   4.4783   0.8297   1.8373
   4.1404   1.7762   1.9547
   3.7039   2.5926   1.9179
   3.1254   3.2490   1.9480
   2.4442   3.7352   2.0478
   1.7296   4.3090   1.5998
   0.8786   4.5099   1.7345
  -0.0440   4.6159   1.6766
  -0.6747   4.4999   1.8480
  -1.3266   4.3706   1.8047
  -2.2641   4.0579   1.5893
  -2.8526   3.7195   1.4652
  -3.3909   3.2593   1.4134
  -4.6169   1.5184   0.7056
  -4.7555   0.6852   1.0174
  -4.7952   0.1057   1.0556
  -4.7732  -0.6475   0.9575
   0.3665  -3.9504  -2.8946
   0.9069  -3.7429  -3.0475
   1.9405  -3.7347  -2.5309
   3.3959  -3.3567  -1.1487
   3.2321  -3.3076  -1.6530
   3.7055  -2.9390  -1.3231
   3.0120  -2.8494  -2.6321
   4.0306  -2.5452  -1.1811
   3.7596  -2.1597  -2.3065
   2.1605  -3.0091  -3.2244
   2.2129  -2.5881  -3.5389
   2.6488  -2.4430  -3.3369
   2.9493  -2.0177  -3.3689
   3.3019  -1.6876  -3.2200
   2.8664  -1.5636  -3.6685
   3.2294  -1.1833  -3.5057
   3.1387  -3.0803  -2.1862
   3.5181  -2.8914  -1.8390
   3.8130  -2.4852  -1.8450
   4.1159  -2.1952  -1.5360
   3.9594  -1.6264  -2.4076
   4.0955  -1.8700  -1.9619
   3.8919  -0.1080  -2.9933
   4.4620  -0.7780  -1.8985
   3.9798   0.9372  -2.7206
  -0.8295   4.7482   0.9412
  -1.5931   4.5245   1.0534
  -2.1293   4.3053   1.0246
  -2.8681   3.9217   0.7169
  -4.6819   1.4741   0.1597
  -4.8201   0.9409  -0.0085
  -4.9057  -0.0243   0.2294
  -4.7712  -1.1472   0.1963
  -4.5730  -1.7897   0.0583
  -4.1414  -2.6339   0.1743
  -3.4691  -3.4414   0.4913
  -2.7263  -4.0649   0.4033
  -1.9847  -4.4663   0.4821
  -1.0593  -4.7747   0.4460
  -0.0883  -4.8914   0.4311
   0.9094  -4.8093   0.4038
   1.8360  -4.5379   0.3943
   1.3175  -2.5790  -3.9664
   1.5355  -2.1160  -4.1574
   1.9542  -2.3022  -3.8730
   2.0130  -1.8186  -4.0938
   2.4691  -2.0173  -3.7353
   2.4370  -1.4855  -3.9966
   2.3575  -0.9580  -4.2004
   4.8799  -0.3367   0.4387
   4.8576   0.6075   0.3926
   4.6302   1.5768   0.4409
   4.2218   2.4674   0.4554
   3.6455   3.2549   0.4847
   2.9950   3.8650   0.4591
   2.1435   4.3821   0.5672
   1.2363   4.7474   0.2293
   0.2827   4.9027   0.0535
  -0.3719   4.8918   0.2249
  -1.4858   4.6741   0.2523
  -2.3773   4.2974  -0.0084
  -2.8495   3.9963   0.1702
  -4.8029   0.8379  -0.5913
  -4.8498  -0.1923  -0.7495
  -4.6886  -1.1988  -0.8358
  -4.3589  -2.0936  -0.8577
  -3.9181  -2.8239  -0.8907
  -3.3552  -3.4811  -0.8622
  -2.7486  -3.9944  -0.7804
  -1.9394  -4.4400  -0.8025
  -1.0887  -4.7264  -0.7710
  -0.1742  -4.8551  -0.7188
   0.7966  -4.7980  -0.6810
   1.8379  -4.5336  -0.4333
   2.8573  -3.9454  -0.6231
   0.6255  -0.7594  -4.8116
   0.2412  -1.1123  -4.7774
  -0.1937  -1.4740  -4.6807
  -0.0389  -2.0066  -4.4823
   0.4697  -2.2030  -4.3641
   0.9867  -2.2648  -4.2446
   1.1322  -2.9994  -3.7203
   4.6647  -1.4518  -0.5018
   4.8719  -0.4085  -0.4658
   4.8109   0.6689  -0.7261
   4.5753   1.6469  -0.6881
   4.1588   2.5050  -0.7403
   3.6225   3.2250  -0.7716
   2.9479   3.8552  -0.7525
   2.2772   4.2733  -0.8197
   1.4783   4.6044  -0.8562
   0.6045   4.7944  -0.8758
  -0.3117   4.8329  -0.8156
  -1.3197   4.6717  -0.7431
  -2.2751   4.3106  -0.6016
   0.8465  -1.2720  -4.6674
   1.3732  -1.7013  -4.3976
   1.4172  -1.2175  -4.5418
   1.1845  -0.7780  -4.7022
   1.9188  -1.3650  -4.3097
   1.8525  -0.8523  -4.4678
   0.9050  -0.3094  -4.8171
   1.5939  -0.4325  -4.6251
   1.9233   0.0061  -4.5189
   1.3477   0.0234  -4.7225
   1.6018   0.4909  -4.6165
   0.8621   0.2570  -4.8280
   1.1324   0.7041  -4.7266
   0.9024   1.1528  -4.6878
   1.7782   1.5686  -4.3008
   0.5126   0.6508  -4.8407
  -0.0200   0.7458  -4.8541
   0.3417   1.1875  -4.7531
   0.0964   1.7074  -4.6037
  -0.2348   1.2708  -4.7380
   3.9303  -2.8494  -0.7435
  -0.0342   0.2284  -4.9057
  -0.8563   1.3583  -4.6412
  -0.5616   0.8572  -4.8030
  -1.0627   0.7695  -4.7326
  -0.5885   0.3262  -4.8648
  -1.2060   0.2297  -4.7552
  -0.8700  -0.1422  -4.8313
  -1.2381  -0.5153  -4.7245
  -0.7287  -0.6944  -4.8069
  -0.2495  -0.8846  -4.8243
  -0.3289  -0.2447  -4.8940
   0.4117  -0.0250  -4.8938
   2.7929  -1.0256  -3.9073
   2.2238  -0.4525  -4.3554
   2.7217  -0.4357  -4.0647
   2.4230   0.0456  -4.2715
   2.5213   0.5896  -4.1730
   2.0642   0.5720  -4.4194
   2.0584   1.1007  -4.3209
   1.5413   1.0676  -4.5391
   1.2498   1.5555  -4.4875
   0.9660   2.0418  -4.3608
   0.6646   1.6360  -4.5827
   0.3852   2.1189  -4.4137
  -0.2147   2.2089  -4.3811
  -0.4573   1.7404  -4.5695
  -0.8611   2.0030  -4.4006
  -1.2916   1.7416  -4.4066
  -1.3800   1.2019  -4.5574
  -1.9104   1.0199  -4.4079
  -1.5918   0.6404  -4.6016
  -2.1272   0.4949  -4.3988
  -1.7036   0.1042  -4.6050
  -2.1773  -0.1131  -4.4006
  -1.6978  -0.4182  -4.5893
  -1.7011  -0.9908  -4.4993
  -1.5715  -1.4999  -4.4045
  -1.1844  -1.0801  -4.6421
  -1.0910  -1.6738  -4.4863
  -0.6945  -1.2783  -4.6907
  -0.5874  -1.8525  -4.5103
  -0.4519  -2.3498  -4.2887
   0.1503  -0.4901  -4.8843
   0.3533  -1.6253  -4.6209
   0.8495  -1.7896  -4.4938
   3.1441  -0.6845  -3.7102
   3.1672  -0.1779  -3.7492
   2.8668   0.1863  -3.9832
   2.9516   0.7708  -3.8488
   2.5485   1.1138  -4.0477
   2.3033   1.5832  -4.0382
   2.0082   2.0372  -3.9920
   1.5131   2.0400  -4.2033
   1.2404   2.4675  -4.0610
   0.7093   2.5250  -4.1521
   0.1729   2.5717  -4.1804
  -0.3015   2.7734  -4.0418
  -0.6976   2.4624  -4.1915
  -1.2412   2.3474  -4.1314
  -1.6964   2.0887  -4.1084
  -1.7838   1.5572  -4.3026
  -2.2171   1.7052  -4.0368
  -2.3251   1.1848  -4.1604
  -2.5867   0.7452  -4.1076
  -2.5648   0.2040  -4.1832
  -2.6634  -0.3147  -4.1142
  -2.5592  -0.8250  -4.1096
  -2.1357  -0.6673  -4.3718
  -2.1718  -1.2372  -4.2275
  -1.9676  -1.7406  -4.1495
  -1.5305  -2.0664  -4.1841
  -1.0210  -2.2001  -4.2704
  -0.8304  -2.6788  -4.0315
  -0.3035  -2.8441  -3.9923
   0.1003  -2.5307  -4.2077
   0.2234  -2.9766  -3.8999
   0.6972  -2.7099  -4.0360
   1.7045  -2.7929  -3.6624
   3.5394  -0.6129  -3.3490
   3.5662  -0.0492  -3.3762
   3.2998   0.3636  -3.6192
   3.3265   0.9098  -3.4965
   2.8828   1.3825  -3.7279
   2.5931   1.8954  -3.7152
   2.2549   2.3709  -3.6624
   1.7585   2.5453  -3.8142
   1.2780   2.8896  -3.7598
   0.7405   2.9630  -3.8459
   0.1938   3.0223  -3.8662
  -0.4124   3.1959  -3.7061
  -0.8564   2.9079  -3.8639
  -1.3426   2.7708  -3.8261
  -1.8123   2.5830  -3.7633
  -2.1647   2.2085  -3.8152
  -2.6160   1.8863  -3.7037
  -2.7289   1.3509  -3.8532
  -3.0289   0.8978  -3.7602
  -2.9853   0.3770  -3.8813
  -3.0934  -0.1381  -3.8120
  -3.0559  -0.6785  -3.7842
  -2.7823  -1.2033  -3.8639
  -2.4857  -1.6265  -3.9109
  -2.2284  -2.0969  -3.8414
  -1.8252  -2.4327  -3.8561
  -1.3612  -2.6056  -3.9341
  -1.1113  -3.0377  -3.6954
  -0.5833  -3.1757  -3.7005
  -0.0472  -3.3400  -3.6002
   0.6277  -3.2104  -3.6631
   1.1043  -3.3980  -3.3694
   1.6423  -3.2007  -3.3433
   3.9378  -1.1764  -2.6887
   3.8771  -0.6780  -2.9373
   3.6645   0.5585  -3.2216
   3.2866   1.4145  -3.3640
   3.0299   1.8785  -3.3778
   2.7018   2.3577  -3.3557
   2.2515   2.8001  -3.3480
   1.7343   3.0068  -3.4743
   1.1688   3.2963  -3.4478
   0.6098   3.3765  -3.5137
   0.0716   3.4169  -3.5269
  -0.3853   3.6006  -3.3176
  -0.9227   3.3362  -3.4839
  -1.4753   3.1257  -3.4889
  -2.0878   2.8489  -3.4123
  -2.5025   2.4336  -3.4546
  -2.9608   2.0374  -3.3469
  -3.0941   1.5132  -3.5008
  -3.3733   1.0504  -3.4112
  -3.3869   0.3742  -3.5366
  -3.4796  -0.2091  -3.4594
  -3.4502  -0.7713  -3.4088
  -3.1733  -1.2455  -3.5352
  -2.8985  -1.7473  -3.5588
  -2.6160  -2.2204  -3.5136
  -2.1853  -2.6305  -3.5247
  -1.6738  -2.9687  -3.5362
  -1.2561  -3.3714  -3.3429
  -0.6478  -3.5322  -3.3501
  -0.0805  -3.7135  -3.2129
   0.4468  -3.5779  -3.3344
   1.5401  -3.5760  -2.9932
   2.0843  -3.3873  -2.8811
   4.2123  -0.8608  -2.3738
   4.1628  -0.3722  -2.5790
   3.9796   0.4056  -2.8491
   3.6614   1.1510  -3.0641
   3.4930   1.7458  -2.9783
   3.1370   2.2745  -3.0174
   2.7088   2.7791  -3.0096
   2.0498   3.2306  -3.0790
   1.5316   3.4760  -3.1130
   0.8775   3.6685  -3.1450
   0.2423   3.7536  -3.1577
  -0.7174   3.8032  -3.0233
  -1.2551   3.5643  -3.1368
  -1.8068   3.3066  -3.1497
  -2.2702   3.1661  -2.9901
  -2.6387   2.7683  -3.0810
  -3.0700   2.3655  -3.0164
  -3.3980   1.6868  -3.1189
  -3.6985   1.1636  -3.0143
  -3.6729   0.6383  -3.1970
  -3.7846   0.0692  -3.1290
  -3.7890  -0.5634  -3.0732
  -3.5064  -1.3303  -3.1709
  -3.2311  -1.8769  -3.1869
  -2.9400  -2.3710  -3.1391
  -2.5640  -2.7628  -3.1483
  -2.1222  -3.0676  -3.1946
  -1.7320  -3.4128  -3.0776
  -1.0751  -3.7303  -3.0080
  -0.5312  -3.8929  -2.9466
   0.8602  -4.0654  -2.6176
   1.3566  -3.9062  -2.6495
   2.7733  -3.4335  -2.1538
   4.2694  -1.3164  -2.0391
   4.2453   0.1385  -2.4652
   4.2697   0.6684  -2.3328
   3.8654   1.5033  -2.6302
   3.5296   2.1555  -2.6486
   3.1380   2.6803  -2.6623
   2.4800   3.2014  -2.7784
   1.8924   3.6252  -2.7195
   1.2504   3.8374  -2.7982
   0.5851   3.9794  -2.8180
  -0.1410   3.9809  -2.8726
  -0.5640   4.1403  -2.5805
  -1.1287   3.9259  -2.7263
  -1.7197   3.6581  -2.7892
  -2.5677   3.2743  -2.6087
  -3.0009   2.8090  -2.6876
  -3.4349   2.2854  -2.6640
  -3.6496   1.8411  -2.7220
  -3.9295   1.3430  -2.6219
  -3.9881   0.5180  -2.8188
  -4.0653  -0.1835  -2.7493
  -4.0953  -0.7293  -2.6107
  -3.8355  -1.1167  -2.8568
  -3.6001  -1.7691  -2.8334
  -3.2923  -2.3500  -2.7851
  -2.8379  -2.9109  -2.7553
  -2.2673  -3.3490  -2.7861
  -1.5315  -3.7758  -2.7417
  -0.9023  -4.0708  -2.5948
  -0.1134  -4.0929  -2.7118
   0.5012  -4.2811  -2.3537
   1.6201  -4.0704  -2.2196
   2.3500  -3.7138  -2.1917
   4.3572  -1.6891  -1.5102
   4.4374  -0.2835  -2.0853
   4.4924   0.2549  -1.9678
   4.1968   1.2021  -2.2496
   3.8819   1.9258  -2.3112
   3.5262   2.5425  -2.2849
   2.9044   3.1098  -2.4522
   2.3450   3.5720  -2.4210
   1.5990   3.9662  -2.4148
   0.9360   4.1485  -2.4562
   0.2337   4.2138  -2.5116
  -0.9788   4.2469  -2.2638
  -1.5447   3.9876  -2.4150
  -2.1508   3.6364  -2.5039
  -2.5254   3.6391  -2.1209
  -2.9613   3.1768  -2.2930
  -3.4154   2.6564  -2.3232
  -3.9845   1.7352  -2.2873
  -4.2704   1.2423  -2.0832
  -4.1390   0.8820  -2.4919
  -4.2450   0.2207  -2.4598
  -4.3373  -0.4026  -2.2681
  -3.9387  -1.5409  -2.4962
  -3.6626  -2.1587  -2.4586
  -3.2476  -2.7560  -2.4447
  -2.6576  -3.3209  -2.4552
  -1.9945  -3.7249  -2.5031
  -1.3717  -4.0952  -2.3380
  -0.5175  -4.3046  -2.3068
   0.0329  -4.3541  -2.2715
   1.1324  -4.2745  -2.1367
   1.6008  -4.3267  -1.6840
   2.4533  -3.9473  -1.5873
   4.5163  -1.1969  -1.5130
   4.6596  -0.7079  -1.3807
   4.4825   0.8029  -1.8390
   4.1896   1.6295  -1.9776
   3.8778   2.3077  -1.9381
   3.3014   2.9790  -2.0845
   2.7674   3.4748  -2.0943
   2.0619   3.9162  -2.1286
   1.2913   4.2584  -2.0779
   0.5736   4.3913  -2.1230
  -0.1945   4.3557  -2.2603
  -0.5655   4.4839  -1.9220
  -1.4680   4.2591  -1.9555
  -1.9720   3.9854  -2.0848
  -2.9327   3.4903  -1.8265
  -3.3518   3.0122  -1.9522
  -3.7405   2.5909  -1.8479
  -3.8192   2.1978  -2.1686
  -4.2311   1.7195  -1.8055
  -4.4017   0.6294  -2.0851
  -4.4850   0.0801  -1.9993
  -4.4406  -0.8647  -1.9110
  -4.1986  -1.1369  -2.2800
  -4.0002  -1.9111  -2.1131
  -3.6311  -2.5509  -2.1040
  -3.0664  -3.1752  -2.1527
  -2.4001  -3.7020  -2.1573
  -1.8228  -4.0576  -2.0815
  -0.9920  -4.3593  -2.0326
  -0.1712  -4.5434  -1.8567
   0.6888  -4.4780  -1.8952
   2.0377  -4.0420  -1.9051
   2.8408  -3.6475  -1.6567
   4.3541  -2.0206  -1.0385
   4.6515  -0.2086  -1.5616
   4.6759   0.3150  -1.4682
   4.4543   1.2695  -1.6329
   4.1925   1.9891  -1.6078
   3.6790   2.7668  -1.7112
   3.1525   3.3402  -1.7388
   2.4951   3.8274  -1.8013
   1.7638   4.2132  -1.8047
   0.9334   4.4935  -1.7481
   0.1270   4.5423  -1.8630
  -1.0628   4.4772  -1.7158
  -1.8106   4.2912  -1.5577
  -2.3167   3.9793  -1.7080
  -2.7358   3.8151  -1.4421
  -3.3243   3.2783  -1.5234
  -3.7639   2.8173  -1.4194
  -4.0857   2.1855  -1.6279
  -4.4767   1.4043  -1.4513
  -4.5240   0.9276  -1.6709
  -4.6396   0.3637  -1.5688
  -4.5794  -0.3613  -1.7371
  -4.2767  -1.5124  -1.8818
  -3.9767  -2.2842  -1.7570
  -3.4452  -2.9815  -1.8330
  -2.8248  -3.5648  -1.8525
  -2.2174  -4.0178  -1.7490
  -1.4622  -4.3490  -1.7513
  -0.6433  -4.5722  -1.6735
   0.2859  -4.6300  -1.6125
   1.1546  -4.5086  -1.5679
   2.0467  -4.2549  -1.3512
   3.0073  -3.7166  -1.1235
   4.5707  -1.4801  -1.0183
   4.7979  -0.3513  -0.9876
   4.6716   0.7993  -1.2870
   4.4541   1.6329  -1.2703
   4.0318   2.4469  -1.3699
   3.5050   3.1490  -1.3848
   2.8940   3.6953  -1.4453
   2.1998   4.1326  -1.4838
   1.4231   4.4628  -1.4756
   0.4905   4.6590  -1.4737
  -0.2343   4.6721  -1.4950
  -0.7265   4.6722  -1.3273
  -1.3339   4.5520  -1.2725
  -2.2737   4.1857  -1.1953
  -3.1285   3.6121  -1.1332
  -3.5676   3.2013  -1.0688
  -3.9314   2.7991  -0.9102
  -4.1405   2.3742  -1.1568
  -4.3842   1.8702  -1.1834
  -4.6938   0.8641  -1.1578
  -4.7383  -0.1579  -1.2817
  -4.6590  -0.7613  -1.3538
  -4.5124  -1.2500  -1.4814
  -4.2771  -1.9034  -1.4839
  -3.7957  -2.7299  -1.5032
  -3.2198  -3.3777  -1.5308
  -2.6248  -3.8851  -1.4612
  -1.8891  -4.3034  -1.4252
  -1.0856  -4.5795  -1.4031
  -0.1729  -4.7319  -1.3033
   0.7201  -4.6850  -1.2850
   1.6834  -4.4935  -1.0456
   2.5598  -4.0537  -1.0647
   4.4709  -1.9688  -0.5043
   4.7355  -0.9406  -0.8998
   4.8085   0.1817  -0.9819
   4.6611   1.1999  -0.9761
   4.3279   2.0874  -1.0155
   3.8549   2.8454  -1.0785
   3.2506   3.5213  -1.0738
   2.6049   4.0055  -1.1356
   1.8665   4.3927  -1.1574
   1.0100   4.6576  -1.1855
   0.1064   4.7838  -1.1058
  -0.8268   4.7699  -0.8267
  -1.8297   4.4405  -1.0262
  -2.6918   4.0054  -0.9111
  -3.1148   3.7464  -0.6175
  -3.5212   3.3687  -0.6102
  -3.9482   2.8876  -0.4387
  -4.2775   2.3226  -0.6536
  -4.5122   1.8259  -0.6523
  -4.6331   1.3440  -0.9201
  -4.7859   0.3540  -1.0434
  -4.7873  -0.6902  -0.8512
  -4.5083  -1.6134  -1.0915
  -4.1158  -2.3955  -1.2004
  -3.5865  -3.1305  -1.2068
  -3.0010  -3.7111  -1.1579
  -2.3292  -4.1795  -1.1069
  -1.5092  -4.5417  -1.1020
  -0.6471  -4.7498  -1.0675
   0.2942  -4.8024  -0.9848
   1.2073  -4.6489  -1.0243
   2.1775  -4.3296  -0.7949
   3.2817  -3.6115  -0.5535
   4.5997  -1.7206  -0.0322
   4.8707  -0.6280   0.0235
   4.8708   0.6085  -0.1543
   4.6392   1.6062  -0.1299
   4.2193   2.5100  -0.1289
   3.6729   3.2570  -0.1454
   2.9948   3.8897  -0.1443
   2.2081   4.3860  -0.0791
   1.4821   4.6760  -0.2402
   0.7865   4.8457  -0.1387
  -0.2059   4.8991  -0.2751
  -1.2607   4.7420  -0.2075
  -1.9191   4.5206  -0.0188
  -2.7364   4.0623  -0.3596
  -3.2356   3.6933  -0.0964
  -3.6360   3.2988  -0.1292
  -3.9816   2.8741   0.0729
  -4.2682   2.4241  -0.1590
  -4.5148   1.9290  -0.1213
  -4.7038   1.3611  -0.3749
  -4.8916   0.4356  -0.0341
  -4.8986  -0.2721  -0.2196
  -4.7198  -1.3254  -0.2929
  -4.3715  -2.2326  -0.1569
  -3.9510  -2.9073  -0.2371
  -3.5222  -3.4209  -0.1024
  -2.7634  -4.0554  -0.1912
  -1.9505  -4.5039  -0.1722
  -1.0957  -4.7851  -0.1453
  -0.1339  -4.9073  -0.1397
   0.9130  -4.8237  -0.1315
   2.1410  -4.4198  -0.0143
   3.0302  -3.8633  -0.1081
   4.5838  -1.6977   0.4752
   4.7980  -0.8695   0.5850
   4.8639   0.1483   0.6631
   4.7359   1.0805   0.7230
   4.4196   2.0088   0.7422
   3.9350   2.8389   0.7584
   3.2816   3.5658   0.7969
   2.5907   4.1043   0.7493
   1.4878   4.6298   0.6860
   0.5207   4.7996   0.9009
  -0.3690   4.8373   0.7637
  -1.2716   4.6897   0.7130
  -1.9303   4.4831   0.5428
  -2.4341   4.2315   0.5369
  -3.2631   3.6416   0.4584
  -3.6345   3.2802   0.3869
  -3.9470   2.8589   0.6054
  -4.2500   2.4333   0.3681
  -4.4757   1.9727   0.4423
  -4.7774   1.0044   0.5352
  -4.8615   0.4460   0.5349
  -4.8568  -0.2290   0.6915
  -4.7283  -1.1015   0.7407
  -4.4266  -1.9397   0.8731
  -4.0134  -2.7423   0.7011
  -3.0619  -3.7788   0.6817
  -2.4033  -4.2081   0.7971
  -1.4988  -4.6163   0.7501
  -0.5580  -4.8240   0.7326
   0.4144  -4.8394   0.7261
   1.3711  -4.6731   0.6336
   2.2933  -4.3043   0.5770
   3.0756  -3.8056   0.4208
   4.4681  -1.7738   1.0046
   4.6805  -0.8329   1.2321
   4.7575   0.0555   1.2175
   4.6208   1.0163   1.3169
   4.3145   1.9351   1.3266
   3.8558   2.7242   1.3530
   3.2287   3.4450   1.3514
   2.4460   3.9855   1.5006
   1.2902   4.5303   1.3895
   0.5250   4.6731   1.4162
  -0.5076   4.6857   1.3805
  -1.1020   4.5794   1.3907
  -1.7815   4.3293   1.4841
  -2.5718   4.0265   1.1368
  -3.1695   3.6039   1.0418
  -3.5770   3.2378   0.9168
  -3.8804   2.7955   1.1166
  -4.2005   2.3796   0.9014
  -4.4115   1.8881   1.0454
  -4.6279   1.2004   1.1226
  -4.6686   0.3587   1.4815
  -4.6895  -0.3589   1.4138
  -4.6162  -0.9494   1.3816
  -4.3069  -1.8866   1.4178
  -3.8765  -2.7081   1.3261
  -3.0971  -3.4922   1.5269
  -2.3022  -4.1256   1.3409
  -1.4119  -4.5089   1.3399
  -0.5175  -4.7020   1.3201
   0.4594  -4.7062   1.3266
   1.3875  -4.5586   1.1886
   2.2542  -4.2038   1.1687
   3.0951  -3.6838   0.9842
   4.2909  -1.8175   1.5504
   4.5077  -0.8416   1.7582
   4.5001   0.1366   1.9619
   4.2821   1.2443   2.0578
   3.8222   2.1541   2.2067
   3.3503   2.8113   2.2341
   2.7403   3.3726   2.2881
   2.0378   3.7515   2.4275
   1.6105   4.0546   2.2550
   0.7591   4.2709   2.3026
  -0.1973   4.4082   2.1558
  -0.9866   4.2719   2.2128
  -1.8334   4.1082   1.9699
  -2.5054   3.7564   1.9317
  -3.0012   3.4146   1.8580
  -3.3976   3.0118   1.8720
  -3.7587   2.7395   1.5770
  -3.9107   2.3111   1.8667
  -4.1765   1.8029   1.8509
  -4.3485   1.2132   1.9332
  -4.4722   0.4938   1.9684
  -4.3704  -0.3617   2.2108
  -4.2392  -1.1858   2.1777
  -3.8265  -2.1420   2.2111
  -3.4192  -2.6534   2.3212
  -2.9733  -3.0718   2.4172
  -2.4019  -3.6581   2.2289
  -1.6973  -4.0556   2.1886
  -0.8399  -4.2979   2.2231
   0.0850  -4.4634   2.0469
   1.2152  -4.3337   1.9649
   2.1526  -4.0823   1.6793
   3.0310  -3.5409   1.5474
   4.3005  -1.3513   1.9489
   4.4137  -0.4103   2.1143
   4.3130   0.5790   2.2763
   4.0326   1.2796   2.4939
   3.8465   1.7357   2.5122
   3.4713   2.3590   2.5503
   2.9707   2.9635   2.5518
   2.3659   3.3840   2.6589
   1.5693   3.7587   2.7438
   1.1049   4.0188   2.5975
   0.2033   4.2247   2.4959
  -0.5464   4.1991   2.4876
  -1.4535   4.0639   2.3432
  -2.0782   3.8091   2.3001
  -2.6300   3.4356   2.3236
  -3.0778   3.0600   2.2984
  -3.5618   2.6009   2.1605
  -3.8622   1.9913   2.2884
  -4.0831   1.4464   2.3142
  -4.2566   0.8085   2.3123
  -4.3052   0.1653   2.3573
  -4.1648  -0.7606   2.4891
  -3.9466  -1.6091   2.4402
  -3.5130  -2.2062   2.6288
  -3.0808  -2.6507   2.7571
  -2.5173  -3.3193   2.6010
  -1.9242  -3.7424   2.5320
  -1.2619  -4.0365   2.4966
  -0.3379  -4.2150   2.4977
   0.1961  -4.2348   2.4794
   0.7814  -4.2572   2.3204
   1.7273  -4.1003   2.0792
   2.5722  -3.7416   1.8716
   4.0716  -1.8731   2.0082
   4.2526  -0.9155   2.2795
   4.2540  -0.0099   2.4541
   4.0375   0.8321   2.6693
   3.4992   1.8951   2.8781
   3.0874   2.5308   2.8604
   2.5936   2.9748   2.9228
   1.9509   3.3919   2.9678
   1.0986   3.6768   3.0648
   0.5575   3.9889   2.8102
  -0.1876   4.0252   2.8075
  -0.9627   3.9597   2.7410
  -1.5537   3.7754   2.7297
  -2.1277   3.5093   2.6975
  -2.5612   3.1564   2.7562
  -2.9979   2.7897   2.7109
  -3.3986   2.4297   2.5816
  -3.5948   1.9529   2.7171
  -3.8071   1.4429   2.7464
  -3.9889   0.9173   2.7141
  -4.0414   0.3134   2.7727
  -4.0764  -0.2601   2.7265
  -3.9080  -1.1546   2.7410
  -3.6184  -1.7224   2.8389
  -3.1606  -2.1973   3.0499
  -2.6264  -2.9303   2.9384
  -2.0719  -3.3925   2.8839
  -1.4495  -3.7142   2.8675
  -0.7945  -4.0007   2.7353
   0.5502  -4.0065   2.7865
   1.3517  -4.0408   2.4421
   2.1754  -3.8128   2.2021
   2.8749  -3.3863   2.0945
   4.0006  -1.4874   2.4293
   4.1048  -0.4718   2.6546
   4.0429   0.3157   2.7702
   3.7382   0.7780   3.0886
   3.6635   1.3621   2.9736
   3.1122   2.0877   3.1741
   2.6890   2.5374   3.2327
   2.1904   2.9558   3.2534
   1.5094   3.3793   3.2281
   0.6052   3.6608   3.2174
   0.0621   3.7641   3.1538
  -0.5785   3.7584   3.1079
  -1.1627   3.6142   3.1153
  -1.7423   3.4220   3.0615
  -2.1861   3.0746   3.1443
  -2.6613   2.7105   3.1128
  -3.1198   2.3056   3.0117
  -3.3777   1.7294   3.1176
  -3.5903   1.1681   3.1407
  -3.7612   0.6197   3.0965
  -3.7705  -0.0492   3.1464
  -3.8238  -0.6559   3.0111
  -3.5724  -1.2165   3.1428
  -3.2642  -1.7056   3.2488
  -2.7047  -2.5095   3.2413
  -2.1668  -2.9927   3.2353
  -1.6530  -3.3428   3.1957
  -0.9744  -3.6389   3.1509
  -0.4256  -3.8223   3.0541
   0.0348  -3.9190   2.9596
   1.0387  -3.8931   2.8079
   1.8390  -3.7306   2.6115
   2.8230  -3.1257   2.5258
   3.9618  -1.0209   2.7167
   3.8029  -0.4516   3.0746
   3.7956   0.0861   3.1153
   3.3945   1.0803   3.3807
   3.2078   1.6008   3.3566
   2.7207   2.0525   3.5361
   2.3037   2.4582   3.5734
   1.7643   2.9368   3.5187
   1.2113   3.1449   3.5723
   0.7298   3.2984   3.5647
   0.1531   3.4004   3.5401
  -0.3972   3.4369   3.4856
  -0.9569   3.3310   3.4796
  -1.5484   3.1570   3.4285
  -1.9854   2.7862   3.5234
  -2.4493   2.4576   3.4757
  -2.9128   2.0568   3.3770
  -3.1128   1.5068   3.4870
  -3.2940   0.9676   3.5117
  -3.4736   0.4241   3.4457
  -3.4064  -0.1150   3.5358
  -3.4916  -0.6343   3.3949
  -3.2227  -1.1347   3.5278
  -2.9009  -1.5658   3.6403
  -2.7873  -2.0497   3.4855
  -2.2375  -2.5712   3.5357
  -1.7056  -2.9140   3.5663
  -1.2284  -3.2608   3.4608
  -0.4545  -3.4854   3.4300
   0.4475  -3.6693   3.2334
   0.9694  -3.5619   3.2391
   1.4900  -3.6139   2.9730
   2.3677  -3.4689   2.5456
  -4.1467  -1.7584   1.9575
  -3.6987  -2.6316   1.8743
  -3.2963  -3.0722   1.9532
  -2.6365  -3.8011   1.6492
  -1.8069  -4.2705   1.6177
  -0.9173  -4.5384   1.6372
  -0.0200  -4.6577   1.5570
   0.9930  -4.5566   1.5396
   1.6778  -4.3402   1.5705
   2.6662  -3.8999   1.3421
   3.4239  -3.3059   1.2112
   3.7211  -2.8778   1.4109
   3.7543  -3.0492   0.8526
  -1.2764   2.8932   3.7576
  -1.6603   2.5311   3.8673
  -2.1021   2.2318   3.8366
  -2.5562   1.9394   3.7180
  -2.7206   1.4374   3.8277
  -2.8859   0.9475   3.8591
  -3.0866   0.4226   3.7965
   4.0391  -2.6280   0.9480
   3.9681  -2.4114   1.5994
   4.2201  -2.2154   1.1839
   4.5119  -1.3252   1.4161
   4.6348  -0.3090   1.5943
   4.6412   0.4362   1.5452
   4.4194   1.4576   1.5693
   4.0402   2.2534   1.6486
   3.4990   3.0326   1.6369
   2.8402   3.6410   1.6720
   2.0405   4.0505   1.8839
   1.2665   4.3033   1.9991
   0.3718   4.4759   1.9868
  -4.5509  -1.4545   1.1368
  -4.1731  -2.3666   1.0504
  -3.6903  -3.1068   0.9211
  -3.3049  -3.4756   1.0567
  -2.7902  -3.8828   1.1214
  -1.9115  -4.4003   1.0502
  -1.0058  -4.6944   1.0346
  -0.0522  -4.8063   1.0078
   0.8920  -4.7290   0.9799
   1.8523  -4.4453   0.9627
   2.6999  -4.0268   0.7838
   3.4498  -3.4455   0.5885
   3.8017  -3.0932   0.3128
  -0.9795   2.5656   4.0715
  -1.3320   2.2178   4.1745
  -1.7710   1.9184   4.1596
  -2.2288   1.6446   4.0554
  -2.3615   1.1207   4.1577
  -2.1843   0.6685   4.3475
  -2.6406   0.5366   4.1059
   4.1131  -2.6551   0.3894
   4.3493  -2.2015   0.5966
   4.6628  -1.2846   0.8529
   4.7960  -0.4108   0.9738
   4.7724   0.5978   0.9928
   4.5581   1.5220   1.0129
   4.1567   2.3977   1.0451
   3.6063   3.1601   1.0616
   2.8642   3.8311   1.1125
   2.2199   4.2311   1.1352
   1.7708   4.4558   1.0627
   1.0357   4.7008   0.9742
   0.0186   4.7737   1.1535
  -4.8620  -0.6298   0.2893
  -4.6157  -1.5934   0.5247
  -4.3532  -2.2304   0.4405
  -3.8057  -3.0911   0.2833
  -3.1484  -3.7675   0.1141
  -2.3521  -4.3095   0.1214
  -1.5470  -4.6582   0.1656
  -0.6028  -4.8718   0.1463
   0.4023  -4.8923   0.1514
   1.4574  -4.6897   0.0441
   2.6407  -4.1370   0.1775
   3.4508  -3.4944   0.0041
   3.7963  -3.1086  -0.2105
  -0.3638   1.7475   4.5752
  -0.8237   1.4462   4.6205
  -1.2630   1.7465   4.4129
  -1.3146   1.2414   4.5661
  -1.8249   1.3858   4.3438
  -1.7483   0.8723   4.5057
  -1.5754   0.3344   4.6395
   4.1174  -2.6720  -0.1627
   4.3772  -2.2266   0.0320
   4.7553  -1.2168   0.1606
   4.9104   0.0535   0.0661
   4.7817   1.1100   0.1478
   4.4577   2.0550   0.1581
   3.9594   2.9003   0.1744
   3.3553   3.5828   0.1556
   2.6005   4.1619   0.1876
   1.7955   4.5660   0.2164
   0.7664   4.8315   0.4340
   0.1262   4.8796   0.5407
  -0.8963   4.8194   0.2986
  -4.8752   0.2889  -0.5177
  -4.8369  -0.7942  -0.3039
  -4.5526  -1.7701  -0.5091
  -4.1845  -2.5117  -0.5481
  -3.6763  -3.2074  -0.5630
  -3.1528  -3.7381  -0.4532
  -2.3577  -4.2794  -0.4965
  -1.5273  -4.6437  -0.4715
  -0.6392  -4.8487  -0.4481
   0.3449  -4.8826  -0.4007
   1.3465  -4.6971  -0.4932
   2.4910  -4.2169  -0.3630
   3.6156  -3.2513  -0.6894
   0.1428   0.2270   4.9038
   0.6166   0.4301   4.8532
   0.9230   0.9508   4.7290
   0.7378   1.4608   4.6304
   0.2699   1.9022   4.5197
  -0.1382   2.1867   4.3952
  -0.4733   2.5528   4.1687
   4.2303  -2.4142  -0.6289
   4.7998  -0.9726  -0.3678
   4.8884   0.1271  -0.4538
   4.7615   1.1294  -0.4142
   4.4233   2.0922  -0.4198
   3.9422   2.8948  -0.4452
   3.3346   3.5756  -0.4628
   2.5969   4.1471  -0.4204
   1.9112   4.4957  -0.5048
   1.0482   4.7642  -0.5678
   0.2729   4.8778  -0.5013
  -0.7429   4.8465  -0.2809
  -1.7810   4.5492  -0.5017
  -0.1086   0.7270   4.8558
  -0.3183   1.2209   4.7463
  -0.6944   0.8552   4.7860
  -0.3953   0.2470   4.8889
  -1.2173   0.7439   4.6993
  -0.8977   0.3270   4.8173
  -1.1977  -0.0906   4.7620
  -0.6831  -0.2776   4.8554
  -1.3324  -0.6154   4.6867
  -0.8441  -0.7882   4.7734
  -0.3362  -0.8755   4.8207
   0.2071  -0.7049   4.8558
  -0.2709  -1.4673   4.6789
   0.1565  -1.2140   4.7561
   0.3011  -1.7317   4.5858
   0.9665  -1.7016   4.5044
   1.3339  -2.0301   4.2683
  -0.8124  -1.3244   4.6589
   0.6675  -1.2850   4.6928
  -0.1532  -0.2947   4.8999
   0.7510  -0.7359   4.7972
   1.5547  -1.5501   4.3931
   1.8703  -1.9573   4.0975
   2.3179  -1.6152   4.0172
   1.1816  -1.1654   4.6222
   2.0064  -1.2831   4.2950
   1.6497  -0.9433   4.5285
   2.1522  -0.6940   4.3595
   1.7621  -0.3895   4.5675
   1.4761   0.0236   4.6840
   1.1498   0.4444   4.7539
   0.9442  -0.0949   4.8186
   0.4510  -0.2174   4.8855
  -2.0724   0.1687   4.4492
  -1.7165  -0.2377   4.5952
  -2.1799  -0.4133   4.3813
  -1.8104  -0.8548   4.4845
  -1.3305  -1.1574   4.5836
  -1.5667  -1.5740   4.3803
  -1.0830  -1.7933   4.4419
  -0.5543  -1.8488   4.5160
  -0.5279  -2.3107   4.3013
  -0.0190  -2.1116   4.4339
   0.3521  -2.5136   4.2044
   0.6428  -2.1130   4.3865
   1.0167  -2.4379   4.1403
   1.5606  -2.4558   3.9563
   2.0316  -2.4761   3.7230
   2.5619  -2.4737   3.3818
   2.3533  -2.0769   3.7772
   2.8051  -1.9429   3.5321
   2.8057  -1.4565   3.7584
   2.4968  -1.0814   4.0885
   2.9511  -0.9004   3.8209
   2.5960  -0.5204   4.1363
   2.6282   0.0087   4.1487
   2.1685  -0.0622   4.4060
   2.2808   0.5526   4.3141
   1.8423   0.3782   4.5367
   1.9771   1.0191   4.3785
   1.5264   0.8057   4.5978
   1.3310   1.2877   4.5486
   1.2428   1.7861   4.4027
   1.2426  -0.5637   4.7178
   0.3818   0.9401   4.8052
   0.1672   1.4193   4.6986
  -2.5420   0.0261   4.2020
  -2.6638  -0.5142   4.0937
  -2.3400  -0.9379   4.2147
  -2.0241  -1.3373   4.2701
  -1.9865  -1.8734   4.0820
  -1.5199  -2.1182   4.1620
  -1.0613  -2.3251   4.1936
  -0.7284  -2.7425   4.0084
  -0.1480  -2.6587   4.1266
   0.2597  -3.0274   3.8583
   0.7448  -2.8338   3.9413
   1.2512  -2.8940   3.7654
   1.7628  -2.9247   3.5296
   2.2314  -2.8617   3.3092
   2.9005  -2.7162   2.8859
   3.0090  -2.2831   3.1388
   3.3753  -2.4519   2.5912
   3.3966  -2.0116   2.9216
   3.2259  -1.6766   3.3018
   3.2608  -1.2017   3.4701
   3.3931  -0.6559   3.4894
   3.0384  -0.3531   3.8422
   3.1126   0.1767   3.7947
   2.7368   0.5165   4.0450
   2.5547   1.0264   4.0669
   2.2396   1.4510   4.1229
   1.7657   1.5572   4.3100
   1.6535   2.0700   4.1352
   1.1405   2.3296   4.1703
   0.7634   1.9913   4.4239
   0.5489   2.4407   4.2262
   0.0715   2.6197   4.1535
  -0.7770   2.0707   4.3849
  -2.9936  -0.0907   3.8922
  -3.0906  -0.6351   3.7635
  -2.7660  -1.0892   3.9092
  -2.4537  -1.5674   3.9549
  -2.3382  -2.1087   3.7690
  -1.8003  -2.4476   3.8584
  -1.2828  -2.7473   3.8634
  -0.8106  -3.1486   3.6808
  -0.2727  -3.0943   3.8040
   0.0929  -3.4417   3.5022
   0.7365  -3.2577   3.6005
   1.3953  -3.2679   3.3901
   1.9545  -3.3197   3.0460
   2.4629  -3.0837   2.9230
   3.3122  -3.1513   1.7938
   3.2344  -2.8734   2.3240
   3.5903  -2.7269   1.9475
   3.7833  -2.3007   2.1243
   3.7327  -1.9597   2.5190
   3.6521  -1.5020   2.9198
   3.6482  -0.9938   3.1340
   3.4645  -0.1307   3.4784
   3.4845   0.4529   3.4310
   3.1055   0.7475   3.7304
   2.9511   1.2583   3.7184
   2.6359   1.6426   3.8043
   2.1895   1.9802   3.9248
   1.8649   2.4504   3.8258
   1.3949   2.6885   3.8659
   0.8643   2.8116   3.9328
   0.3669   2.9929   3.8764
  -0.1902   3.0358   3.8558
  -0.7080   3.0010   3.8225
